9.728631696207643564e-01
2.578347295400867623e+01
1.790789234819811071e+01
5.287758750949448583e+00
4.427046859083339392e+00
2.227054658698174094e+00
5.821422382079395774e+00
9.919407394627888230e-01
2.602038101842412576e+00
5.811264200214907305e+00
4.700087141039507088e+00
1.921181413965603113e+01
6.869663950005661102e-01
4.905537520664570827e+00
2.230071618621335183e+00
1.443917491357750293e+01
1.747788104978766355e-01
1.713657685498573713e+01
1.235482374198647371e+00
1.054413230303154414e+01
5.157062756663699510e+00
9.830326785836412284e+00
4.201405235110867942e+00
1.489173576969374935e+01
1.318759194060223727e+01
1.842252618553710874e+01
1.175325570568297628e+01
4.789633318364685977e+00
1.437004678299928173e+00
1.480506565894496918e+00
3.066574932174287937e+01
4.082185639742633931e+00
1.802030862724104399e+00
5.420466037965676165e+00
1.195403990733120203e+00
3.085436508313846637e+00
3.740251419232386354e+00
1.737023696290479080e+01
1.985446332921011248e+00
1.153857386362006965e+00
1.826484186074829097e+00
1.283019925977459508e+01
8.818070863423294048e-01
3.808678125324039404e-02
1.247574337918014420e+00
2.792113689458944337e-01
4.011274554922493962e+00
1.861744789597783445e+00
1.185095003328788366e+00
8.041419613733506111e+00
2.555656926968106646e+00
2.593999676940909715e+00
6.105503366697071499e+00
1.706004302017698393e+01
1.989363374918947658e-01
1.167974700785281872e+00
2.701659488020910160e+00
8.860004434084455260e-01
1.567402816010539546e+01
4.243730955259168880e+00
6.234728147681299681e+00
4.479237015311402104e+01
7.794695509747099571e+00
5.229951725235841842e-01
4.602885021379615971e+00
1.095283141787353642e+00
3.059036346119829441e-01
4.249420057286243946e+00
7.149227928270709409e-01
5.011501823365248853e+00
7.616518794034915274e+00
3.194787548730962712e+00
2.816908062678707303e+00
8.968438371301983736e+00
7.415274919200414150e-01
4.256478983994011478e-01
9.600919640727894944e+00
5.104210888194469220e+00
1.197071390187702633e+01
2.885317111519312139e+00
8.707437225426936322e+00
2.860642586286483713e+00
2.253981354095468959e+01
4.527439641915418811e+00
4.643822980585214921e+00
4.306180393499666081e+00
5.034460644355126746e+00
1.170588041409421631e+00
5.885743977689896766e-01
1.199648375160636427e+01
1.108649193869093885e+01
1.090459023613989586e+01
4.199382981737564080e+00
8.767466613844032253e+00
1.346238436929650284e+00
1.798798056361416542e+00
3.273253659487003198e+00
5.853648123169960193e+00
2.081753455347769288e-01
6.873983565479896640e+00
2.435497203822367673e-01
1.411147795416926698e+00
5.598352539033895070e+00
1.763132683112736032e+01
9.246618918412842225e-01
1.774280461959504951e+00
1.979630282226001903e+00
4.816223090325305378e+00
2.406392176560193441e+00
1.942158535203862169e+00
1.635891223771138714e+00
1.381189313659177742e+00
1.376716080364878891e+01
4.679701092722112321e+00
8.543526222577982665e+00
7.074162994888054889e+00
9.454472141282927566e+00
2.555520720125397993e+00
6.204682877384652073e+00
2.768892126389852937e+00
3.798962026135667358e+00
1.054546545159204651e+00
1.129925126706587069e+00
1.364651939438459083e+00
6.149138263288456585e+00
3.506430081773920904e+00
1.661371487124740032e+00
1.184243288822166384e+01
1.215964478685495997e+01
7.668504417743049473e+00
9.788500547023495812e+00
6.307898019022429636e+00
1.187589550396165983e+01
5.877620668790220826e+00
1.263701615402638012e+01
1.851700665637013021e-01
3.529357267442611246e+00
6.396826993891179036e+00
2.095142870160658788e+01
7.785146433832292878e+00
3.067209604400699674e-01
3.576209105346815242e+00
1.883303495452659515e+00
4.062170893131494154e+00
1.472711955221636393e-01
1.183194085649039273e+00
4.547763326956411611e-01
7.139984622265981296e-01
5.455983504180439425e-01
4.563177649789335710e+00
1.788938373029464568e+00
4.988349311805741593e+00
1.259582135201000819e+00
3.185404559266238889e-01
4.071910193918258258e+00
4.014684860706212888e+00
4.489861886065573682e-01
1.142972111421760850e+01
4.223367092005156920e+00
2.357830577609618672e+00
8.860158157085864516e-01
1.218937095525711278e+01
5.002863623171890595e+00
3.489697872133130097e-01
1.599397140703565867e+00
4.465776528122836098e+00
1.064398668830714989e+00
1.265564787295717641e+00
1.596836956897669246e+00
1.153767820640305786e+01
2.022301422006025717e+01
2.399235123429729999e+00
3.749813950674477425e+00
2.854931603255115302e+00
5.702967752118137668e-01
5.152883670867398180e+00
1.339162867571869864e+00
1.163478850853424973e+01
7.997436603344623141e-01
1.079132772924381367e+00
2.617262510717428547e+00
4.698926316176253337e+00
1.804150308392385993e+00
4.550860063245791842e+00
1.446607045069089104e+01
7.333119373507017258e+00
1.163721223539839400e+01
2.150680149915967121e+00
8.125193288073088382e+00
4.816185473150246033e+00
4.392567080169345495e+00
6.949940749719891731e-01
1.639540066745409641e+00
7.918491064050248163e+00
4.679336436046773962e+00
3.396556666785779388e+00
3.609983106196852365e+00
2.086871041431807239e+00
1.357250778312259420e+01
3.704555666746609521e+00
1.484033364462276516e+00
1.723403512402235105e+00
4.853628521784864702e+00
3.384818851598540679e+00
1.098555409028483698e+00
4.982360299255184088e+00
1.051606556036191131e+00
3.362913206605127048e+00
1.119353412038432438e+01
4.267622435976504924e+00
4.388167529782938558e+00
5.238677952127367199e+00
1.026612604285368935e+00
2.376748056258735531e+00
1.591095967207603268e+00
5.555151229868958929e+00
9.540674389975098535e+00
1.673926109699923837e+00
2.913822883617705362e+00
1.276655232066132584e+01
3.875677343947335096e+00
6.654065184413772149e-01
2.973770719996932765e+00
7.573846849120347002e+00
1.332223213182754762e+01
5.531396881321162695e+00
4.327228019959921568e+00
4.236768710352188938e-01
6.139059596501525995e+00
3.499808848623233271e+00
3.323448323126906967e+00
8.775829380772444566e+00
1.397362933393964823e+01
1.471694728758484172e-01
1.296727223683843633e+01
1.279207585011984705e+01
9.156262126869670226e+00
6.154518296243324471e+00
1.438643361916246199e+00
9.557554027518517792e-01
1.072119645747660499e+01
9.540421971220436337e-01
3.127036663099253211e+00
1.589929244187250745e+01
1.172636516067959711e+01
1.205277857708057887e+01
4.868297298914704641e+00
4.413615576508506777e+00
1.501189741901342689e+00
8.695857880467916523e-01
9.196427893987188185e+00
3.954121122502574082e+00
8.052642053331890537e+00
9.066316681205433881e+00
3.382265796696860782e+00
2.571559967287141646e+00
3.691036127199236905e+00
1.979146301743516911e+00
5.045447116978771795e+00
5.184930422222857160e+00
1.109085886262183712e-02
2.236310896109384316e+01
1.523634277809269300e+00
1.009695349140948295e+01
5.634448172631908669e+00
4.987168117235668774e+00
2.465550662000678184e+00
3.695299045048296982e+00
8.831760091739155882e+00
9.000524971369621152e-01
1.702842982755686130e+00
3.319897040295448853e+00
3.599442235798434808e+00
1.268044125112977660e+01
2.492154620828967992e+00
2.939019135113787762e+00
7.785626538800212160e-01
7.888730300195758716e-01
6.884790680202536706e+00
6.476110915498823672e+00
5.485274066364700829e+00
2.399813757319379626e+00
9.649182084486653821e+00
6.226120965046728628e+00
3.380430631818414078e+00
2.036159656711352461e+00
8.168723241241313104e+00
7.696490501532455841e-01
7.680794994219047878e-01
4.410076937961312282e+00
2.347877633305850142e-01
1.851304464266925187e-01
8.754905686847981983e+00
1.073594020727302700e+00
8.634464157150796737e+00
1.867469593659630833e+00
3.845966972206400492e-01
5.662227336410547984e+00
1.334861713941150896e+01
4.251762881544607353e+00
1.248840311196909525e+01
1.015053104871511458e+00
3.942699331889171876e+00
2.057173482761555761e+01
6.825610013625228234e+00
3.687813459077927902e+00
8.472927454627273036e+00
8.466001107237431933e-01
1.766537286895200509e+00
3.212633545210613839e+00
4.513132527103459746e-02
3.105346441707832028e+00
1.369784532007980449e+00
2.210502093378237110e+00
1.191319394830847500e+01
8.899031591910894434e+00
2.108863382106834994e+00
8.354356667996231778e+00
5.055445785703366113e+00
9.285334134074124668e-01
1.111754099440880772e+00
5.358963752967862426e+00
3.682688172367813095e+00
1.839833894713393869e+00
3.029386935106710865e+00
2.516507805420204136e+00
1.521299380822984659e+00
1.235591935335213831e+00
6.746979864200979282e-01
3.263029505203871583e-01
4.690339673805553389e+00
1.283929240487135637e+01
2.976625919795897079e+00
6.100090476227888914e+00
4.874724020796190604e-01
2.804694144729987126e+00
8.355760781132598680e+00
4.966759175696443762e+00
4.894858975810423729e+00
1.429717727485011025e+00
4.577558076505159335e+00
8.014229293851361513e-01
6.739119671202772111e+00
1.316542709448717652e+00
3.486105566447696535e+00
2.436481173919595289e+00
8.783838589928034679e+00
9.291402900852219204e-01
4.201663233245682250e+00
9.866703253860197975e+00
8.089928299419499869e-01
2.343564516628179994e+00
1.210316245870673768e+01
1.552357535674912192e+01
4.090426306678218715e+00
1.273860862870165311e+00
3.599152775479522059e+00
7.969651384289787310e-02
1.373787812830203348e-01
2.082069101246622811e+00
3.829827669961383574e+00
4.361211156311709303e+00
3.103590569665469090e+00
8.477320892292387888e-02
4.083472401183559919e-01
6.951236964024953835e+00
1.195703377533706480e+00
6.827386633889181766e+00
1.114031725998813727e+00
3.938802742428245018e+00
2.419907555279909417e+00
7.740609951011591328e+00
2.804023528632915152e+00
4.158460516326534795e-01
1.048575493931452440e+00
4.965379811796144516e-01
1.934378760952050857e+00
2.382714025277073766e+00
2.254320320162404467e+00
5.902754387634077560e+00
1.375223041739165808e+01
9.036362885065955197e+00
6.243875390920062607e+00
2.210493276905782345e+00
1.634655469103983183e+00
6.702516978681201110e+00
3.835983378220455542e+00
8.479450365294651348e+00
1.169251730987028459e+01
2.977401780098085204e+00
2.261124663089179698e+00
7.565316379589988927e+00
1.589602081945707290e+01
3.277727194747547923e+00
4.970208046130902169e+00
1.069188594531424741e+01
9.411136680730532333e+00
4.709245910160750337e-01
6.482468630773040807e+00
3.267141939719407251e+00
6.482507636576851695e+00
6.468260230177094172e+00
6.381060885732953158e-02
2.959612764499235826e+00
4.970906486483376296e-01
1.581053385189671534e+00
3.930851906090521375e+00
5.132500295391819733e-01
1.926424525911019003e+01
9.110053360708171510e+00
2.532805684530213153e+00
2.835791572659107640e+00
1.215998561046730764e+00
1.591936071673010433e+00
1.105542032644219397e+01
1.102896221759676054e+00
4.833546614658939866e+00
2.648284304738975692e+00
9.050102029553455552e+00
4.388268472527477648e+00
1.041017006841599368e+01
1.725201147937080393e+01
9.537489031562354502e-02
8.899514200104645667e-01
4.589796728858487995e+00
5.081257125300705502e-01
2.129026790889484033e+01
1.077161871016758532e+00
7.786626121857533889e+00
6.910806895743166756e+00
7.940818449333287177e+00
5.993919524499000673e-01
5.292335977768733990e+00
3.104681637909934455e+00
8.669795824799266803e-01
1.833170066095013206e+00
5.768489190852759130e+00
6.711664693086486722e+00
6.825023360782589421e-01
6.399930841520857783e-01
1.157527869628729861e-01
1.060139427133497847e+01
8.976426566153568043e-01
4.926490126558690896e+00
4.210002183277680388e+00
1.388263286595971646e+00
5.726712854205262548e-01
2.050164454945154979e+00
2.632625800035580887e+00
8.844599602605006439e+00
4.376338755912024259e-01
4.139821132852434360e+00
3.455541476476019724e+00
1.016336263521312944e+01
2.355991098413372953e+00
1.385900638183046873e-01
8.369111783257894288e-01
1.654981747610204890e+00
1.696382643286345748e-01
4.011936820639700585e+00
1.599319504231966249e+01
2.947531437396152754e+00
3.063382663179020859e+00
8.655735158558545805e+00
2.311163485264581041e+00
2.214799829852375890e+00
9.645201200052511581e+00
1.530649596750283337e+00
5.614551641486297262e-01
2.908196725751364120e+00
2.964018641396420684e+00
1.133253098804391179e+00
5.847070012453770893e+00
7.109572576463845550e+00
2.225498578624091728e+00
1.958077395500327000e+00
6.188778359069678991e+00
2.471677290428905938e+00
1.410103435489115853e+01
1.709829156211613022e+00
5.258527889238243880e+00
1.171831422119132604e+00
1.918995941986762821e+00
2.394550872886870962e+00
6.648208155294317301e+00
6.969622601014094698e+00
1.184811157942423598e+01
3.389862079645112325e-01
1.301535017101088654e+00
5.002446385275085561e+00
2.803531543081087651e+00
2.129442219123530933e+00
2.292260594001023666e+00
3.674741840284758698e+00
4.623571985665357875e-01
8.015531580858402672e-01
8.724229269812763476e+00
5.474092215689523755e+00
6.131376195988859301e+00
1.558230139379504831e+00
7.771373654225238070e+00
2.573463222606449552e+00
1.322418610358957691e+00
6.210033376055139609e-01
9.323617081099566661e-01
9.432748034655921709e-02
5.464384782520445683e+00
2.038499586695990295e+00
2.345920893448645739e+00
6.229222525730591098e-01
1.313659293382175797e+00
1.647669272311392819e+00
1.537916158855011428e+00
2.765170039368735733e+00
4.543200914150398173e-01
9.754216238469666234e-01
9.407238021096155478e+00
8.329947267019562673e+00
2.442961077396450076e+00
4.118249270325200939e+00
1.149997053714745476e+00
2.398049159782492668e-01
8.448975396795885828e-01
2.305338677390266877e+00
5.325558334692166440e+00
6.095402921604523350e+00
2.300251704729203706e+00
1.643415413467060304e+01
3.001906926015412314e+00
1.733362667040437444e+01
1.565670550531887084e+00
1.005697665834423304e+01
1.219503265414468274e+01
3.594382306954024386e+00
1.029696625730814930e+01
1.321983057572936993e+00
8.891433344742700751e-01
1.655340743904491596e+00
1.887133410131286437e+00
1.556975370992513596e+00
1.087209166528623605e+01
2.455054388566714874e+00
3.604969254772949938e+00
2.059692842047955441e+00
3.956259097737888197e+00
5.349084975113172824e+00
1.985450965778521759e+00
9.177393246265216575e+00
2.303285245137355997e+00
3.533275425403828440e-01
4.638188535452727024e+00
2.915197124693921893e+00
1.210219636109989949e+01
5.902946538225234185e+00
4.324963487517138105e+00
1.224186064604140672e-01
6.823885708020620555e+00
3.940250278987825538e+00
3.991059018423200655e+00
2.350472175665188956e+01
1.272144745019627710e+00
7.510560734653541903e-01
7.312549576002792540e-01
2.743715911083365988e+00
8.531884266982800114e+00
9.911254211782939416e-01
5.844709012723097175e+00
3.293973237960358347e+00
5.694344623451189413e+00
1.341493438957098761e+01
1.216261874659845432e+01
8.744360829918173650e+00
6.870465147791763094e+00
8.366788365765008562e-02
1.119129928509676830e+01
1.076584373910655645e-01
2.976606594787373217e-01
4.682680694391783582e+00
6.582969435598093888e+00
5.194684683765491418e-01
3.265232230221114307e+00
6.826330735041842956e+00
5.624990274518117062e+00
7.855083513999353784e+00
8.110234528769025175e+00
4.408549777343092835e+00
2.093094902809475855e+00
3.854104392286657799e+00
3.103297946809482344e+00
7.972824109924872560e-02
2.930382369540866705e+01
1.185936662039823375e+01
1.261236460942722282e+01
2.788304874852094994e-01
3.998421570657367252e-01
7.944873089218598139e+00
1.103979458858347584e+01
5.441111848616682067e+00
1.298088938076417120e+00
2.586601069275362152e-01
1.383392975290631455e+01
1.037817412976356124e+01
6.205137239164546514e+00
1.122262636276638137e+00
6.929606039540279205e+00
1.050847063409070792e+01
1.621571331212473543e+00
1.511837441113453906e+01
2.743665653523260639e-01
8.085204897628815723e-02
1.745229304594820174e+00
1.221124989388532356e+01
3.593719796679541556e+00
5.737340915315941814e+00
1.289873387413545736e+01
5.181001589930774642e+00
4.440959586180042606e+00
5.500434706226415837e-01
1.377527889476101164e+00
5.678210774650624515e+00
6.566905512852452276e-01
2.658733674595380236e+00
6.680646982721869520e-01
1.016126515347600900e+01
1.882953334385038868e+00
8.447741716762593001e+00
4.330563940523682653e+00
1.249405273246089632e+00
4.613894217383426866e-02
1.195935877236529166e+01
7.730894992116882136e+00
8.018043046644983463e+00
2.124887025016191089e+00
1.892296363136866777e+00
1.021667184856279498e+00
3.163489846433815256e+00
6.107872540038253639e+00
1.709571515257052088e+00
1.167118404448096314e+01
3.640430197178555094e+00
1.778544786685059886e+00
9.479820147327712165e-01
4.454827407701568376e+00
4.485993736981621183e+00
7.075267802481248758e+00
1.335681738610625757e+01
4.762691655653693568e-01
8.027964145708331500e+00
9.814945118016831227e-01
2.220751362980051269e+01
1.090177814870360758e-02
1.661187679466773925e+00
2.582718206734292643e+00
2.149869845425690151e+00
3.153734833960805672e-01
9.082131488461905877e-02
1.559155680950461198e+00
1.215496117493106265e+00
7.799834484894160980e+00
5.409809000840506421e+00
1.603025456212269440e+00
1.113077686006528921e+01
2.909867383149325470e-02
4.357781748726949900e+00
5.648053884941022673e+00
1.699474030431033622e+00
1.456754988321361566e+01
2.260859431471713421e+01
3.278842693654425489e+00
3.396698115478184565e+00
5.227340868673740815e+00
3.228269242588382992e-01
2.763100798863063545e+01
6.323021141856917104e+00
1.950589934494228928e+01
2.655896458859114517e+00
2.137967693560207039e+01
2.540853888837991903e+00
4.332090449672545418e+00
4.484306018614728551e+00
2.523108588395102103e+00
5.408146102099672170e+00
4.584406647834963877e+00
1.385025340716353348e+01
1.146771510626326140e+01
6.601472023992664084e+00
1.176398413098008433e+01
6.683251924333676541e+00
5.418229510674389182e+00
8.999145881663185520e+00
1.423945312965506416e+00
6.472870989004372078e+00
3.991093665349905173e+00
1.583719043872313881e+00
1.459660043362964954e+00
7.775196181869514778e-01
6.863047743927667810e+00
2.596108390619791706e+00
5.230164434650782290e+00
1.969266079394909941e+00
3.796448605857623004e+00
5.212458437741315009e+00
5.894812380442189692e+00
4.221299141379645375e-02
2.000174424998886646e+00
3.037665576122672850e-01
1.680531959595927205e+01
7.575054462809710509e-01
1.730188077911677613e+00
9.961425312242295771e-01
3.423100295842254503e+00
9.086977222224999762e-02
7.277395438398537308e+00
2.608738197543674531e+00
1.216190764524556833e+01
2.034436758855383331e+00
2.686276554468540745e+00
1.499076630220746997e+00
3.693105856447846058e+00
7.634719767019280123e-01
2.557874074027816746e+00
1.842033258298700682e+00
5.523759240676731075e-01
1.070416972930145327e+01
1.235237918244295408e+00
1.396501698117331713e+00
7.626415584710937168e+00
4.952794849276211053e+00
5.029051922752313608e+00
5.248029478850195062e+01
1.147272955704201891e+01
1.369031837243658956e+00
3.078889381183727636e+01
6.137810940651817759e+00
8.133478595811989287e-01
1.422740031527953164e+01
7.990336791814637962e+00
2.380498664891153027e+00
5.497565916216514692e-01
1.642698449745349176e+00
8.570864843512647491e-02
2.934485287357369465e+00
2.592388664861501990e+00
2.264243182639894325e+00
2.967074699012746120e+00
5.257596901777709775e+00
1.133647547114823961e+00
9.453865328473170848e+00
7.064191325479360017e+00
5.614801095836480016e+00
9.608717845900613952e+00
2.063574254196742341e+00
8.241560425421027958e+00
6.271267471743958710e-01
4.060087454269449558e-02
5.584330448148445702e-01
6.858808463801829625e+00
2.764769264179953279e+00
9.176568326799682040e+00
1.324664287981676125e+01
5.349404039846193726e+00
3.765888376169761909e+00
6.452678678507429488e+00
4.662196647112812009e+00
8.171767405393225658e+00
1.731152391402943636e+01
1.122347127666770916e+00
1.445752512703672998e+01
7.460589818659180139e+00
9.084264743896174110e+00
1.203984864583785841e-01
3.735329257165582312e-02
2.074891150599861511e+00
2.908534057832767306e-01
2.216998136243040651e+00
6.496724864242202635e+00
1.095426265026384405e+00
1.429960262322243558e+01
1.639448548662545635e+00
9.663233533528806873e+00
2.563675995986946177e+00
3.390040165018175067e+00
4.975416797693487658e-01
1.239602548610297283e+01
8.913151314415929116e-01
1.056607016926830234e+00
9.974721100074490643e-01
2.814023832454434881e+00
1.092386357589253620e+01
1.807714819711969767e+01
5.001955674102728011e+00
1.341120914800608332e+01
9.040819109243980023e+00
9.908300062475062120e+00
3.090579793292284805e+01
4.364931127223664831e+00
4.282112636421619101e+00
8.230137215461509115e+00
9.402583841578731949e+00
1.009433120778065129e+00
1.190196168394534482e+01
2.898817108832885570e+00
4.464703201069945837e-02
5.983926458100480517e+00
7.539139764839833724e+00
3.209310624183459915e+00
1.762157069172768376e+00
5.697885048430413324e-01
5.129839833973479202e+00
5.372116188204278941e+00
6.596137874617671315e+00
6.336989858901265649e+00
1.192391983850881587e+01
5.548099164094570934e-01
9.336209081616926753e+00
7.133331202759868539e+00
9.811039761720379282e-01
3.096422769379580942e+00
1.824561109831053463e+00
9.119316042704113556e+00
5.168935251176983492e+00
4.993651669342443533e+00
1.773562445879286242e+00
5.037354141415031350e-01
2.339586679644935607e+00
3.214156425919043603e+00
1.916920265877421148e+00
8.547509356168227157e+00
3.763677631377206900e+00
2.563095747883856390e+01
2.651221798612408698e+00
1.875805573608761989e+00
2.558520796764483518e-01
1.804338836212843233e+01
1.029712738666654692e+00
1.930228521470205649e+01
2.975163727999261987e+00
3.138397131440540111e+00
3.524315240496202595e+00
1.125209713218669139e+00
3.460665381697504372e+00
1.716193636976089953e+00
4.107767802851665095e+00
1.443234275772434794e+00
1.189488855090011565e+00
3.401711348635108045e+00
5.828250447170947979e+00
2.153652972147624300e+00
1.422102883366149584e+01
3.316165911150618761e+00
2.486111168205685562e+00
9.980665327468873915e-02
5.655425501557851398e+00
8.215894215258083833e+00
6.304887599405266663e-01
3.877376695965582432e+00
1.953107631383697029e+00
1.995506360591785322e+00
4.906339790624290487e+00
1.440558465564351964e+00
1.869138825592065700e+01
2.468900453116187776e+01
5.798271914841848229e+00
4.411745809972480892e+00
6.429373951816723221e+00
1.031298383580236511e+00
7.379502246754379158e+00
4.868672175920696787e+00
2.484453511990083907e+00
1.835523273730412575e+00
7.670599125057142587e-01
2.632898689277665127e+00
6.927068980746417637e+00
2.484966334658254894e+00
5.547637411964601029e+00
1.672322472319562658e+00
6.189985638969687010e+00
3.776977128494547920e+00
4.136588470494108272e+00
1.644569748917667606e+00
9.457620569063159011e-02
9.449771486242921625e+00
7.894389045460995291e+00
9.405917541915391755e-01
3.738729049374605040e+00
2.286480820417094151e+01
4.416903486012210500e+00
1.129578420777039849e+00
2.307062014041668441e+00
4.989578510036439596e+00
1.283291619241382575e+00
4.312143369621179723e-02
5.526713267462985968e+00
4.371523701436721865e+00
7.622639655772765366e+00
3.229768598641979338e+01
2.712050998237105048e+00
5.303484383686875248e+00
2.403406574493937686e+00
6.331833523840881384e+00
1.771522309685187757e+00
3.709973296048536540e+00
4.688602574769166864e+00
1.165415761217411905e+01
3.005955099116102147e+00
5.279308730671719907e+00
3.455569346674003395e+00
1.343373808646913048e+01
8.574612284606417667e-01
3.842336250549563736e+00
4.816007376044696642e+00
7.546400070486785072e-01
2.666268985248683165e+00
5.754958466646493687e-01
5.105564181360619180e+00
5.837994943220388144e+00
5.536632168169669299e+00
3.316065540890832608e+00
7.493718981377965882e+00
8.119593416247111728e-01
2.150086541013997543e+00
7.084823419911687736e+00
4.625897059280758228e+00
5.008959573162873546e+00
4.242267535118598443e-01
3.277699175423927080e+00
1.151000341803698257e+00
4.461380144424263783e+00
3.298860883879485950e+00
1.961722373726546920e+01
5.955114557029112632e+00
3.046389627948118406e+00
9.759787436731626187e+00
6.361716165233170628e+00
1.387885078242304182e+01
7.503997857763606838e+00
1.035338477974528537e+01
1.661040660251283052e+00
3.304766262174070324e+00
7.396793255461465932e+00
1.284451853234276353e+00
9.098956155664255974e+00
2.063144594458618286e+01
4.466238701922756738e-01
1.906079740590000071e+00
1.546312377486136480e+00
1.902853514383370470e+00
1.364162645845819988e+01
2.930622606900390004e+00
1.459904705947614234e+00
2.467771257613699021e+01
1.510955778102371028e+01
1.174820109515474220e+00
1.041056405355519843e+01
5.060461225081880343e+00
2.438541552183049355e+00
6.811275145191215685e-01
1.620328736700353267e-01
3.633279041719199576e+00
1.421214477423750067e+00
2.738257296010696784e+00
2.103403992920615639e+00
2.279209967733177411e+00
7.688331676215830690e+00
1.299777901108456035e+01
7.750278039037989952e-01
1.860596446564511952e+00
9.804530429194686925e-02
6.722506181456273211e+00
3.612638488724689290e-01
7.702470419081183906e+00
3.790444707954796488e-01
2.303492857795408710e+01
2.124859603440861111e+00
4.965519482522154249e+00
1.212133091567774823e+00
3.047353447136741389e-01
1.479904891681908197e+00
6.798370545159660994e-01
4.733295879407458884e+00
6.574697071791508751e-01
1.278328289423827702e+00
1.096985044406808640e+01
1.146270426502308837e+01
7.042238618700080721e+00
2.155028970350300277e+00
9.413117298758624685e+00
2.740497404008040760e+01
2.220411462772757361e+00
1.412681636455111089e+01
2.786546368347564950e+01
1.691682384141576900e+00
5.136754793662456464e+00
3.302241548340778543e+00
2.141875441495305399e+00
4.769985426037945508e+00
2.438462046077598089e+00
1.784182551905238306e-02
1.884456535747367489e+00
4.915483829301283691e+00
1.009397546617490260e+00
1.115307204025900667e+01
1.906515052822706169e+00
1.201247964334358542e+00
4.130433738508775043e+00
1.226407680529165134e+01
3.301624455861759788e+00
7.018350175037037175e+00
1.098204763635103376e+01
3.611574264276082857e+00
1.631099556442944021e+01
5.696413159266318083e+00
2.114507846346915443e+01
7.868437180011788712e+00
1.049404074822968491e+00
8.302158979453619025e+00
7.636128778361294778e+00
2.916082873751756566e+00
5.384689952776165356e+00
4.032025970293831918e+00
5.752481281050279005e-01
5.884038156385359208e+00
5.691746582603403937e+00
4.585721825889759629e+00
1.223147256806101701e+00
7.617485042656556793e+00
2.115962515718150527e-01
4.755661419558368408e+00
5.789863478543631814e+00
4.275387160313402823e+00
8.749871935003769252e+00
2.003178939016180493e+00
4.789540459581842491e+00
1.158782217595044983e+01
5.370027616080808031e+00
8.451922162378009418e+00
2.421959572879343270e+01
2.599016987691441294e+00
1.634169269999176333e+00
1.490058213440374812e+00
7.131584967466922720e+00
9.081031389726556213e+00
7.222324827815306270e-01
1.071282183238187802e+00
3.600506340659246352e+00
6.870003371899799927e-01
9.489500873735901010e+00
2.508493561702127561e+00
3.709297956439470134e+00
9.355059236543381562e-01
1.486178709780721974e+01
4.218636921745963844e-03
4.792547658854933168e-01
2.904654221863741004e+00
1.366428802808124177e+00
7.006086261110819891e+00
4.867364178872029434e+00
1.128811502441042558e+00
4.888401013804731798e-01
7.175627321091257116e+00
2.507351944111146924e+00
9.418566485702127844e-01
1.145974889075972314e+01
6.967138151155470860e-01
3.665831931406184019e+00
1.624843295753723771e+00
2.270786272469313083e+00
6.580763263450952749e+00
1.802939222005509601e+00
5.334159187241872546e-01
5.020930521110332778e-01
8.396627749116806427e+00
4.907080790047618990e+00
1.112905923246779727e+00
1.141634792696497058e+01
7.894028854321366140e+00
1.674967316817661311e+00
3.567365808391044446e+00
1.245966277926589649e+00
1.035274490995065833e+01
5.200666312424420568e+00
1.854158192917287451e+00
3.600261579326046846e+00
5.144133998452760537e+00
3.737483882222760734e+00
5.199663414123496530e-01
4.388886438453106109e+00
1.043334276871677346e+00
1.075617639264618575e+01
5.296553707893646434e-01
7.427353250007340257e-01
1.365344481619986539e+01
1.984047313160605119e+00
6.455657818081720123e+00
1.250904906736149869e+01
9.433949311542486060e-02
8.844813786732725447e+00
4.458720526222148095e+00
9.022623463519220621e+00
7.837302991007143171e-02
1.128853745925924690e+00
1.893136266610479179e+00
2.686455337369649143e+00
5.148433455142352955e+00
1.176472748108174704e+00
1.335505707920789220e+01
3.749730957043965862e+00
1.105495863444916438e+01
7.181793262134076095e+00
1.545773825334997298e+00
1.041189929379289225e+01
7.222511533867468358e+00
4.359949106036944855e+00
9.625263180649293204e+00
1.013561192085726814e+00
6.732652914718294523e-01
3.392540709339266325e+00
1.605401235243298697e+00
3.468010800183771725e+00
1.305749838823457232e+01
5.568547803798989726e+00
1.237471125013025741e+01
1.943236336940524112e+01
1.257761472697055005e+01
3.405194177903485997e+00
1.236915098598322604e+00
1.775892202463047187e-01
7.582914878050701191e+00
1.509243593236062608e+00
1.153574551116695446e+01
2.843154466692494609e+00
4.850489751652736992e+00
2.822090125868225385e+00
1.241340520277570025e+00
1.078899069016595114e+01
9.895102115741882809e-01
7.103488769676580716e+00
3.624074963753533218e+00
2.178643356543631171e+01
4.677691722048351153e+00
1.273512093710093040e+01
2.588908305234660645e+00
9.035200993074258946e+00
9.765868197860493538e+00
1.819544081970924321e+00
5.526050080689907107e-01
1.923404904158586959e+01
5.558303093965763608e+00
5.410867130423493432e-01
1.966264194214035532e+00
1.083444761278796342e+01
1.872663878101863588e+01
4.688785564251430671e+00
2.609113123562044478e+01
4.956030736400402148e+00
9.990461960442207356e-01
7.435853807697744955e+00
2.601840793756011294e+00
1.119718857477807639e+00
7.664181118996050479e+00
5.100311432893986030e+00
4.043788520659331587e-01
2.679573803949515831e+00
1.193074979833021354e+00
1.502632955478624632e+00
5.574875163394849231e+00
7.426842155211393681e+00
9.929992380811930586e-01
3.074990476715401932e+00
1.387973006072833826e+01
5.311741571386109584e+00
4.269419970170252460e-02
1.357962039753633832e+00
2.948408729990172894e+00
1.245837193545330290e+00
7.119283818349408044e+00
4.220317850404720517e+00
1.486844066792418317e+00
4.946297427969405192e+00
4.871357963646480549e+00
2.937182971456905101e+00
2.208312134243218594e+00
5.454655074777030599e+00
2.326462264630167365e+00
1.028479750375383306e+00
6.174375404012786284e+00
1.254604044574898269e+00
2.900702955472952205e+00
4.396535094499834706e+00
7.519093257008162112e+00
4.183793705192164758e+00
1.371383931667276457e+00
5.757258061758470546e+00
2.083852585672695934e+00
3.969316651045598832e+00
3.581140636749570838e+00
2.503162851220872565e+00
2.350939539525715993e+00
3.102425750598128751e+00
1.756400791838006725e+01
3.952509038610856895e-01
3.980134585325875385e+00
1.215444703457590592e+00
4.869560859959651822e-01
6.683426342248357521e+00
6.787918195368934704e+00
8.406874207209220629e-01
1.409455770771041472e+01
3.418364364764366670e+00
1.406802023520925538e+00
5.729085660579562589e-01
1.889832348154764086e+00
7.008314680562924615e+00
1.287602473270925918e+00
2.115470554808928649e-01
9.653162150718449297e+00
7.126079069872181648e+00
3.294095184772660723e+00
4.132804312326531893e+00
6.394338161792435526e-01
1.937311305924621418e+00
8.132293455638672341e+00
1.012145612728250654e+00
6.346316528541420254e-01
2.341268314052786348e+00
2.789173963849590487e-01
3.450964834111259449e+01
6.805999779415527584e+00
5.402492036159380007e+00
4.610666221825177935e+00
3.239015438649123446e+00
1.961908603361961045e+00
1.642969379354540393e+01
1.735881681924144715e+00
2.164092931015931143e+00
2.382429353514639470e+00
6.599745690129253939e-01
2.896283896849775719e+00
1.482971510228954681e+00
1.721231144407164848e+00
3.121031059110818795e+00
3.961630475040202715e+00
4.244673916446804363e+00
5.988046491334784172e+00
3.040000501956408918e+00
5.490363733635067467e-01
6.294189673800662632e+00
7.973561758646176278e-02
5.391942668083640200e-01
9.770479537114182378e+00
5.658461889340808959e+00
9.716175031533687445e+00
1.742669483553270027e+01
9.804962153599582564e+00
3.866419447503760765e+00
1.682746588516446451e+01
1.431391895292864813e+00
4.199462639646935003e+00
2.170369924671185835e+00
1.570130575778816429e+01
5.242793754175954390e+00
3.783596755172415449e+00
5.106213449661606063e+00
9.340464446596701720e+00
1.457565110070103920e+00
6.400853167122115828e-01
2.197436579221840880e+00
7.018860052621510581e-01
3.081882477984926538e+00
1.214780234954663030e+01
2.479693630205639820e+00
4.072699587519140074e+00
2.068368746454563312e-01
1.168070014284424474e+01
7.199137902881611595e+00
8.123703552305443498e-01
2.800182087123576746e+00
4.936888775184177236e-01
4.947683663966891743e+00
2.700274777785139912e-01
4.460843319534729123e-01
3.902792192425084572e+00
2.039946815928293855e+00
6.483892245134998955e-01
5.904133822850337943e+00
9.666973614762147671e-01
4.191591929498507341e+00
7.206591449529189397e+00
2.362594216095446953e+00
4.927555460106432861e+00
6.660567750531795284e+00
2.325382435806757075e-01
5.065459223825372614e-01
1.489848343148781673e+01
1.354142183071450622e+00
6.531075992661641849e-02
2.671265397706291012e+00
1.155179545636118732e+01
5.544943131958969040e+00
7.760653245972148895e+00
6.172743289345358875e+00
2.553648273320334283e+00
3.041711524537467515e+00
6.216679913909585187e-01
1.481152756955133265e+00
7.980181614464202156e+00
6.344284514273021425e-02
2.669914559668511878e+00
3.025681780397824205e-01
3.905198633229382210e+00
5.480393324006812561e-01
4.375686298480969683e-01
2.576270231315123116e+00
1.889428203846568621e+00
3.902651430959017453e+00
5.141696780375956344e+00
8.882958142330501516e+00
1.561565843918540919e-01
6.281331380088072791e+00
5.590653199793810479e+00
6.272749641123097852e+00
8.442995425957864342e-01
5.847425243363892911e+00
2.937350403778742347e+00
3.078206984322464645e-01
1.614408244279268878e+00
2.888334494003306219e+00
2.304522544893847336e+00
7.829547327184388728e+00
1.015916417572242103e-01
5.398420945408637373e-01
1.449021350810226538e+00
1.146764334873599900e+01
1.313366339996811583e+01
4.892165555290991286e+00
4.697841988103565569e+00
5.138845725592195102e+00
1.179519395559975425e+00
1.697495749589632286e-01
6.964759844264959199e+00
2.662191630707807732e+00
2.604155327845831369e+00
1.898582469803000161e-01
2.023816518636130379e-01
7.684945301897917747e-02
1.681460410747199319e+00
3.915251623872983533e+00
2.339524454060306624e+00
2.673833880212905800e+00
7.031810046270408066e+00
1.409027668172939229e+00
3.317992309705699139e+00
2.396318085795309916e+00
4.248055766876851713e+00
2.996595523219032220e+00
1.545249015358100664e+00
1.055476712252225724e-01
5.017510272037400298e+00
1.374071786362799086e-01
5.330903417506166475e-01
4.270693144650016926e+00
2.878440567570173414e+00
1.950193846865042158e+00
2.936242638590306209e-01
5.494522448531112602e+00
1.054871438183469223e+01
3.044417746677618553e+00
3.970210248114182328e+00
8.216942532188744597e-01
1.873681986154357659e+00
3.217313857177631853e+00
8.075074958597748820e-01
1.252549875380476685e+01
1.055048962583837557e+01
1.828208320312258994e+00
5.176405942240758229e-01
4.718923324607971814e+00
2.965265311598879183e+00
1.410644451249176434e+01
1.607548168872901861e+00
6.236359186031059210e+00
3.388735692338046057e+00
1.522891316931698436e+00
5.031908265815087100e-01
2.208341998372330917e+00
8.433084075760469145e-02
9.402814587527315027e+00
9.037554109842357852e-02
7.539006155892914229e+00
2.272776850950533944e+00
9.173519910526991339e+00
1.237451130696921808e+00
1.920529577108701602e+01
4.852617909977631205e-01
1.445521946599081176e+00
1.626332357094898429e+00
1.000262029375729256e+01
3.253957762548885801e-01
3.656413126193167051e-02
8.462815560588438757e+00
6.924917770279790830e+00
2.063236667419453330e+00
3.120045847322622912e+00
1.352606921777185500e-01
1.704358670556893829e+00
1.415610836144450269e-01
3.900905150431617230e+00
1.287504337030260348e+00
9.215567883704566254e-01
1.526906570142807951e+01
1.900771992963879164e-01
8.233992539319192616e+00
2.932558249619241941e+00
1.646112586030560321e+00
4.758568764874093304e+00
6.063716579001176221e+00
1.886124388700294308e+00
2.472998258960114715e+00
9.739075193989327195e-01
1.157880321780999111e+01
7.405680382523457617e+00
4.062462271149088089e+00
1.403938946288324718e+00
1.129383600498089457e+01
5.135734385769412214e+00
3.237108066286118468e+00
3.462506980469497009e+00
8.877357591407186721e-01
3.220859116759357960e-02
3.153306622089506739e+00
6.964519288203128156e+00
5.996999076828771535e+00
1.664265891917287465e+00
2.044002820145310650e+00
1.893312791910738113e+01
3.131003270639978187e+00
9.826884981173372724e-01
1.319066678801818826e+00
2.791082950722509448e+00
6.167509490828066987e+00
7.794464650108262838e+00
1.802420695249161708e+00
7.186063955762667987e+00
5.480035959983065030e-01
1.648563349966507108e+00
8.275031651417805723e-01
2.563051254380277921e+00
5.391205740807762936e-01
4.246771443681885749e+00
2.495860002569425529e+00
5.980405396312691302e+00
2.248175028526139929e+00
9.901225496484455935e-01
4.810611279475332402e+00
3.766239642309364422e-02
1.533835309139962355e+00
3.538548667826582950e+00
2.781214362635429094e+00
3.010608810125670942e+00
2.369885754833705960e+01
7.152141575945342167e-01
1.737751422439087179e+01
8.417088335605990679e+00
3.525192947135039750e-02
1.089432035466767346e+01
1.549751010097152548e+00
2.162216075052286524e+00
1.909338989677010101e+00
5.413738313954155501e+00
1.686365767427412954e-01
1.500091358329437297e+00
1.286285321469657283e+01
4.552545936663084269e+00
5.885499459039871262e+00
3.630388137468724352e+00
1.369377361565540596e+01
8.580047197007054649e-01
1.661098778848547397e+00
3.217084603966123169e+00
2.104646635553254264e+00
2.149851851804601033e+00
1.546369210130150051e+00
3.149114062348582266e+00
8.259781735934836888e-01
2.288771071727664919e-01
2.785335989680087998e+00
4.677483750096822490e-02
8.156566100018059373e+00
4.603914076619562756e+00
4.826834923665594967e-01
1.111502481393669584e+01
1.490713305980682080e+01
7.686645294081874136e-01
6.879872021892506906e-01
1.126011408541803505e+01
1.643772941209532323e+00
5.148250600557542356e+00
4.015153385268237507e+00
1.384899339470748947e+00
8.646229310688500647e+00
2.208543016478024423e+00
1.513429203566349468e+00
5.186163700113704422e+00
9.443546408837569572e+00
3.109551802547423804e+00
4.722033455936235913e-01
7.596877517838123595e+00
1.965077247664871241e+00
1.925374794274330892e+00
7.615317096735378932e-01
1.858786114865252248e+00
4.715858331024689321e+00
2.537859687664411723e+00
2.339976254792985877e-02
9.902782280446332797e-01
3.129539015416122338e-01
2.512672980287606883e+00
1.613599449105603512e+01
9.898801316513912152e-01
1.687059526730115167e+00
3.599560387203541989e+00
1.129003241114512557e+00
4.385178896760145939e+00
5.104678754225986381e+00
4.496272422655093415e+00
2.428452851873421192e+00
8.848083360789324558e+00
4.908375075988768543e+00
6.423638916660202369e+00
8.108026810484239011e-01
1.351852976078376223e+01
4.094632328522317621e+00
7.224111348193313020e+00
7.336483245598880210e+00
1.041990429351776992e+00
7.697487464634610310e-01
9.185426746937064735e+00
4.296667159131510871e+00
1.213871790669333928e+00
2.830121162253527167e-01
5.551939822401664948e+00
3.135545965519356493e+00
2.077521446695124752e+01
8.724673841888110903e-01
6.182933051526486867e-01
1.282037121930264867e+00
4.747098896018903780e+00
5.439161572738414607e-01
1.922339255246059642e+00
1.115119326412047585e+01
9.288817265856687655e+00
5.658409953354296210e-03
8.391350430463836219e+00
9.294451833696582455e+00
2.704860425907620325e+00
1.048893299498984133e+00
4.166375340324151466e+00
8.872337509633197783e+00
3.084566483208166510e-01
9.405799157052081583e+00
1.858182123147218645e+00
2.280986024383667043e+01
8.924516027298793119e+00
1.523292790730894852e+00
6.701497638228087972e+00
5.673800247875931291e+00
2.987912853648910794e+00
3.044499773571132106e+00
7.886211833930399706e+00
1.765478019136368593e+00
3.132805511472557924e+00
8.429251190785878478e+00
1.296296055708651451e+01
2.734039100161198999e+00
1.048320708757093911e+01
2.642346443031173830e+00
6.678489087474522634e+00
2.786217202682493843e-01
3.218951442553982245e-01
7.785913695113350075e-01
2.743438514816062046e+00
5.452867661927451870e-01
1.416411047478186802e+00
1.442759707274283709e+00
8.820824651044183895e+00
4.790251944265157213e+00
3.205620676962230853e+00
1.512934514424704613e+00
1.982671713830996651e+01
3.036250671211687013e+00
3.728419740777946245e+00
4.268066364338667817e+00
1.633775689905433204e+00
1.361040175758943249e+01
9.288182460627437464e+00
8.937048207464244332e-01
9.962041605397910615e+00
1.606441687556637277e+01
4.306814465299876105e+00
1.389975742513747115e-01
2.117995715791049616e+00
2.728458458104944251e-01
4.946886674663297789e+00
1.235875894200263403e+01
6.029177854456077235e+00
8.495717166178369695e+00
9.846591069526942519e+00
3.236731150889001540e+00
1.490199743457292225e+00
1.331427996029507455e+01
9.735449838740741768e+00
1.440526328416320556e+00
4.536969226786686349e+00
9.003597842264413065e-02
6.014152597303318970e+00
3.630469410438705413e+00
8.611122992593939429e+00
2.630248293996562126e+00
2.341214547084901199e+01
5.098906858961970379e+00
7.560120700662396942e+00
3.249271744547006513e+00
5.133699624278512452e+00
7.760251436416520932e+00
3.848088410460946740e+00
3.206272013917396357e+00
5.886520523530291982e+00
8.999460239741191581e-01
2.227244470626772710e+01
1.144238139274698796e+01
2.920050398547089504e-02
3.432968544029532776e+00
2.944078860783490459e+00
1.846225654113539605e+01
9.985478539740208603e+00
1.009784249304347625e+01
6.992627411804339665e+00
2.036028276687112282e+00
3.889069986675278479e+00
2.152592840994333567e+00
2.404766701307647636e-01
4.158264755667894219e-01
4.517428771775742646e+00
9.968498239735259503e+00
7.140533125670533110e+00
1.844644787429618571e+00
6.697567912799812007e+00
5.828294373945489326e+00
6.370554474623578933e+00
1.030577740499290407e+00
4.705410601349698574e+00
4.976884731851766830e+00
8.524530836914438581e+00
1.662533989305796434e+00
4.080661716011210194e-01
2.290721783530597744e+00
1.401548405518153739e+00
8.804785341511273344e+00
3.969845434125973238e+00
1.059124141544241660e+01
3.684871624259517531e-01
5.022880795831841994e+00
1.473423232157085216e+01
5.778906318042981383e+00
5.936528033957317874e+00
4.990640715569959696e+00
5.738417450352342186e-01
2.359878026600647605e+00
1.092478051385329607e+00
3.661207539768103203e+00
8.618150000669256627e+00
1.787443152733201868e-01
3.269815500338126402e+00
7.543045135791361488e+00
4.448421282628466145e+00
3.146294283753691801e+00
5.773491323217500693e+00
3.053567723123642441e+00
3.784635545714742477e+00
1.608339519670806128e+00
9.292458064623012604e+00
9.852954433005766788e+00
1.708917822378470897e+00
2.533327206146209765e+00
2.487548017442841708e+00
2.771545928028507522e+00
2.195124223090218152e+00
1.400133669834196404e+00
2.646916036188352583e-01
1.526792429743687451e+00
2.479658538397373491e-01
6.824559592534129138e+00
2.005277663482489814e+00
5.068568815675643657e-01
3.434287133946978265e+00
4.073030097305194164e-01
2.945527552826721074e+00
3.973540900985117030e+00
3.104528905306944697e+00
6.339998564788279722e+00
2.753378091316445619e+00
1.272765740539669732e+00
6.647410552135785133e-01
6.219563644559365834e+00
2.574163326270023866e+00
2.175587688468478120e+01
4.185077570345310805e-01
8.627194034557559732e+00
1.772325904840288846e+00
8.388032550383022201e-01
5.374510763065130980e+00
1.446905718280047326e+00
2.557583904298751598e+00
7.146192568862257843e+00
3.454715749306713768e+00
2.262471872258926542e+00
2.653614797888171228e+00
2.779592336334070879e+00
7.790709616136557436e-01
5.287805355799740425e+00
2.506384560994519006e+00
5.073274228327855795e+00
3.129254539929422041e+00
9.925625372803545954e-01
5.629331709849534349e+00
6.900600735759777393e+00
8.752307510697967530e-01
9.682574229158529278e-01
9.701240186402626975e+00
1.236862319814169053e+00
2.926646854903126815e+00
6.497716067256047445e+00
7.087914646601926882e-02
3.814429984292295739e+00
2.128518167092145585e+00
2.137100317671704275e+00
5.599246337437953080e+00
1.088613477664753360e+00
3.108537536973126070e-01
6.261245738386962856e+00
3.279793963189278294e+00
5.731910920268247223e-01
4.647825168866256185e+00
6.796006706187328383e+00
3.747541341924243152e-02
5.861455468069886265e+00
7.657262780010192227e-01
4.942554843499277872e+00
3.208586170066247245e+00
9.766258240219809039e+00
2.785233951780013983e-01
8.446856145401563154e+00
1.087766131635333977e+00
5.536407135246914635e+00
3.720517036867824423e+00
4.014906762304629950e+00
5.545240032107562334e-01
6.345553088300435185e-01
2.877605498672765716e+00
8.411712567652351868e-02
7.264038983834907093e+00
1.995374144987207998e+00
1.231272997881672993e+00
2.232902110920036431e+00
1.003327890576129633e+01
1.229329363639221384e+01
1.047492778588846152e+00
2.612078361769329948e+00
6.056839196648279300e-01
9.694164816695440834e+00
4.591679002620833394e+00
1.335960408753605666e+00
2.496666443613049680e+00
5.494488965303835570e+00
1.203295638987313509e+00
2.736401529184195880e+00
1.374422225378004292e+01
3.244113916756157234e+00
6.129902365781090268e+00
1.216696522048781581e+01
5.515888993625370773e+00
4.116996272475934582e-01
1.184075574192490349e-01
1.605673327291485464e+01
9.724039226711306938e+00
1.421251791172680257e+01
9.265122986363468982e+00
3.425539402922044729e+00
9.276966896007344587e+00
9.632532106709879027e-01
1.252762509205371577e+00
3.653275634006617700e+00
1.110430214467221077e+01
2.319066316574544206e+00
1.172288670926123544e+01
1.119455737483879076e+01
5.576035088451941846e+00
2.748490471082913889e+00
5.198717919695543088e+00
3.005638652512548248e+00
5.017783274466526278e-01
1.189077820792786788e+01
4.474718956743516607e+00
4.623803979850225510e+00
1.205086800378581291e+00
1.221516815371596287e+00
3.094701998133311260e+00
3.494795932578120823e+00
2.038239164104768264e+01
6.587368149806449580e-01
1.058339818130942023e+00
1.231562983254046895e+00
1.230539640677470459e+01
2.464568300550963187e+01
1.308733652183348539e+01
2.453850308718053874e+00
5.761309438821938578e+00
6.774048909775640226e+00
4.322811630799536786e-01
1.418816234814722677e+01
1.344726438702866789e-01
8.477792023353400985e-01
1.628841303573570265e+00
9.804228590987797975e-01
1.522820193788966048e+00
9.604435176844706712e-01
5.429182737411516690e+00
1.185132669716001619e+00
5.662234513163714178e-01
3.469788687070108901e-01
1.726221559494991897e+00
1.462218175420426647e+01
1.157837750411036648e+00
3.447241537223319607e+00
1.425118877959046237e-01
4.891714539835893827e-02
1.134829507461013876e+01
3.185479014925371999e+00
2.299314556004419074e+01
1.930439648287883836e+00
1.056383519547267369e+01
3.432793591730717075e+00
9.266985741914442798e+00
1.732603808057996131e-01
1.072874496933207311e+01
4.428434934199730222e+00
2.120414730050268926e+00
9.802327050067326297e+00
2.781786621531140979e-01
6.478494130672988405e+00
3.807557925538715415e-01
5.570262094565075373e+00
3.137813573768857722e+00
6.299925050917178915e+00
1.976203126485880812e+00
6.224196288124520748e+00
6.609329860182629801e+00
3.997691571468322103e+00
1.514746307779166301e+00
6.839568953706103294e+00
5.837692214460924234e+00
3.373995594963518752e+00
4.085462608589949696e+00
1.479276181946274082e+00
3.738765829847942701e+00
4.887781175504028575e+00
4.276742517027955159e+00
7.330738889387646395e+00
9.477761164300539942e-01
4.022399975445269504e+00
3.766940505368836067e+00
4.353723238648030680e+00
1.571808596729451057e+00
8.265621164910216478e+00
2.081344670996471535e+01
2.041056228020016849e+00
7.316681466205645634e+00
9.369650404693927737e-01
8.992327505859548653e-01
8.891692987136606163e+00
1.860151405214069520e+00
2.364445105961544336e+00
2.121616252284906690e+00
1.692434774196749148e+00
1.546811256337864279e-03
1.615509831737049140e+01
6.584242045210027428e+00
1.387260748346300421e+00
4.283145204466972444e+00
3.620169013064865604e-01
2.980458446530429573e-01
2.448071176407206728e+00
1.610390415209168369e+00
8.625824787570621766e+00
1.976432044602334015e+00
5.308017498629394870e-01
3.137943259246627203e+00
1.300806789177790579e+00
6.044906838867127874e+00
3.849717837961735611e+00
4.074262467337928406e+00
4.438775319368798655e+00
2.908519656580109469e+00
1.232044117451439291e+01
5.556621231610060718e+00
1.264448574893491539e+01
3.420371520377436525e+00
7.078036352315780988e+00
4.137311548685172369e+00
7.225310987384953032e-02
4.507757583063208173e+00
3.091762819940664819e+00
6.328416024986328381e+00
1.485937672511734586e-01
1.652752618404031093e+00
4.919649190484635781e+00
7.385889766196671036e-02
7.012706370013725099e+00
2.771805380186486811e+00
2.161272946756415791e+00
1.238059969702555918e+01
4.550083655121250903e-02
3.551020969975035690e+00
1.018332820884376311e+01
4.068191850146371635e+00
1.228018182132069569e+01
1.388351632856289797e+01
4.485089096570592737e+00
2.911525609428894157e+00
1.198838607259303046e+01
2.794783932683921446e+00
1.611026325305230156e+00
2.349879220178823669e+00
5.069756530728389166e+00
2.995695995469632056e+00
1.093228832453631894e+00
4.532018785682228490e+00
2.088865638238749156e+00
1.931140270976334339e+00
5.474957100579546321e+00
1.950951464150889603e+00
2.745936815076530646e+00
5.887263884427110128e+00
2.812093606797668954e+00
3.349307212886833085e+00
2.024330310508822617e+00
8.836313642643277566e-01
4.433346293649287340e+00
1.191468539763935119e+01
1.267352859509339513e+00
2.113287067653370488e-01
3.131199416836936145e+00
9.548291245868400168e+00
3.430339870220382004e+00
2.529807531265181986e+00
1.393656484440588095e+00
3.288519188876976251e+00
1.565318137541803267e+00
7.931708492535697097e+00
7.385230963765745393e-01
2.607972362844261482e+00
8.769324634946075170e-01
3.689811662430633632e+00
1.356636600695169115e+01
1.040114749593206156e+01
9.490003635803386572e+00
3.120442447658762219e+00
2.189890777520615561e+00
1.434882678298818881e+00
1.085324691139970277e+01
3.578709500013283473e-01
2.876446233028008212e-02
1.233565488525311160e+01
1.667614557105424833e+00
9.930392697254292855e+00
9.898064687064024980e+00
2.583132386834675387e+00
7.950373410934061802e+00
1.451734802462438800e+01
2.747320046997265397e+00
6.822745528025892625e+00
9.974444431439646319e-01
1.353382123616766908e+00
4.901051482572304496e-01
4.829900631091818219e+00
3.544936787934499511e-01
3.018079676305144954e+00
2.430090494099280019e+00
1.515417586860265331e+01
3.874214332723524556e+00
3.263457500545440482e+00
2.399808273023937844e+00
3.687182043129845432e+00
1.205510954908701926e+01
1.899444199909887443e+00
6.549721811151222539e+00
3.635788231526882353e+00
6.628759353645435226e+00
5.286488682723325949e-01
1.540054598171490152e+00
3.003306113306955183e+00
1.099012232809667644e+01
1.332272760483372842e+00
2.636959857353052161e+00
8.094454697646821018e+00
9.144700079694509931e-01
2.605338388820439555e+00
3.685756937614769191e-01
1.095456805466046513e+00
6.079548538558360526e+00
6.943422044614514732e+00
1.345358618613503365e+00
6.947634027055077155e+00
2.628959961203318763e+00
2.458736610552317181e+00
5.372676621821755205e+00
3.257006424405403666e-01
1.834122492855189801e+00
8.269777161086089734e+00
8.057576960112545095e+00
9.199732760872635362e-01
6.461080636412449785e+00
6.595738534084380156e+00
2.662619726990293478e-01
1.069046154548941807e+01
8.435438485802251307e+00
3.824405581522948960e+00
3.199247272635236783e+00
7.264313972718595913e+00
1.494736576537624373e+00
5.384528264311513546e+00
3.962822165047291678e-01
5.789846311649186283e+00
2.157737616257709712e-01
1.532811606554959027e+01
7.977904731245656578e+00
5.078203546330456675e+00
2.749221378876585131e+00
7.773285122271833547e-01
2.869625249155416835e+00
8.126064360872781833e+00
6.398427828889960978e+00
1.144440211803306129e+00
5.721094704927550012e+00
3.401117335839167755e+00
7.184231900396768289e+00
2.557305303489238568e+00
1.227865284577001503e+00
6.095949826629518675e+00
6.075865616421379789e-01
1.209012695451861186e+00
3.896243846578774761e+00
2.592462784515245033e+00
3.861339320236422790e+00
1.393482683916498921e+01
1.046573731250224792e+00
3.078958298153749214e-03
1.929084059512127469e+00
1.169903488937576519e+01
2.275385918841172384e+01
2.044768088287061136e+00
9.635907272845562588e+00
2.235629102779187605e+01
1.453377138479214636e+01
1.086183414689693982e-01
4.147983667175223488e+00
3.703585562568018741e+00
3.505583384679304082e+00
7.850077806433914951e+00
6.014822679405745776e-01
6.673647682325699604e-01
2.609357425932788743e+00
1.400896388071124710e+00
8.561806110247902613e-01
7.353745449666101663e+00
9.551300027113757141e-01
5.990067180698453342e+00
4.472996506718499576e-01
2.354283594440315319e+00
9.829879522869516606e+00
5.970939773857500299e+00
1.039734705689155803e+01
3.699967239884931036e+00
5.575525514723805864e-01
4.527486565641941851e+00
1.893883350496417250e+01
1.324778364668686370e+00
7.406343196004668172e+00
7.798102184893130229e+00
1.062831216447517590e+01
1.094431502753455909e+00
5.039757074227608769e+00
2.219860647646277219e+00
2.978356752623924741e+00
5.545412148864889090e+00
7.163957914661100546e+00
1.995190359867499375e+00
1.717623664719958532e+00
4.253023014369715860e+00
8.991818595792208768e+00
7.173934428233116556e+00
2.200947155780660580e+01
1.845993346794545431e+01
5.804140419454307392e-02
5.357257823133089403e+00
4.568923087765754509e+00
1.324189394802345987e+01
2.090489663795737307e+00
8.151200318850689186e+00
2.147405865729291374e+00
4.922660151626936376e-01
1.218556762778411517e+00
4.692438480698680969e+00
2.260803983731060729e+00
2.517488096339862036e+00
4.390469768313120191e+00
2.596494215826570251e+00
8.640830745498241372e-01
5.420285343763001862e+00
2.542986813027797055e+00
4.213967988821012867e+00
6.260429573845441631e+00
4.597032244393464695e-01
1.371418569755225469e+00
9.054125965789012742e-01
2.844505626951689958e+00
1.003282433993250677e+01
5.241860593218405917e+00
2.043971476517509461e-02
1.761474941284705764e+01
9.908125905833355063e+00
3.697240226627595661e+00
1.244241790602756303e+00
2.562747386646597736e+00
3.729732339140557684e+00
4.817712906194950051e+01
1.587669217290095247e+00
2.532119914055240173e+00
5.783284868841746196e+00
2.514246143871248784e-01
2.625535224499521814e+00
8.146626093968738214e-02
1.013680406399397382e+00
7.246302041581902387e-01
6.261441820846741502e-01
3.334087087649412418e+00
3.643465583671641195e-01
4.334739118866631991e+00
4.482548415699023181e+00
1.928304101078176291e+00
1.693585931662700972e+01
1.100105701850009865e+01
7.250166603408605415e-01
2.970471048840539474e+00
3.204831902462411009e+00
3.341736359952638402e+00
3.737275218930613541e+00
3.901118184998589866e-01
1.380033445323121732e+01
1.820378657919640375e+00
1.278147950561527857e+00
1.269321412492826484e+00
2.061085852688713160e+01
3.714228203377723858e+00
1.295125895250482717e+00
5.492705158321598446e+00
1.689437915276098767e+00
5.009135459822616987e+00
1.806217991262067102e+01
6.167669757060453506e+00
6.814598816112068747e+00
1.023972857617833476e+01
3.059212858813973757e+00
5.036486144813268950e+00
1.151081809334927897e+01
2.641229758889727552e+00
2.166380829393853569e-01
1.367625962845106624e+00
1.320642023538038856e+01
3.118611225514911212e+00
1.504822222956075883e+01
6.707220499480269993e+00
4.314046573906699322e+00
4.343058331933650429e+00
5.609262132548576751e+00
1.797748094021899057e+00
2.014747498332422893e-01
1.089705982406280960e+01
7.094214308366034949e+00
1.931078047801631925e+01
2.307730199411121319e+01
4.874430248435098194e-05
6.361107444068031747e+00
5.667306717069094724e+00
8.221648967773427685e+00
7.250961963432498436e+00
8.650249302844123633e+00
8.080021416404068901e+00
6.526084777538314619e+00
3.289406585158025087e-01
3.723646453782353927e+00
1.118029030952523373e+00
4.024181417564005186e-02
2.645127321874744197e+00
1.354506022204144733e+00
1.746206804982640470e+00
6.737093482075304784e-01
3.320327495522452654e+00
2.212705489933723069e+00
1.094807944311829573e+01
7.619913513152049012e-01
8.848583514714790654e-01
3.110522156654223380e+00
2.313981002965669553e+00
4.274927951977868901e+00
8.810008114299143767e-01
2.341334973704543465e+00
6.394402015366662084e+00
4.140157575464183282e+00
2.458048552161836042e+00
1.017868663595829126e+01
1.062576503905489389e+01
9.443861745501070715e+00
5.744665954965261001e+00
3.964798137039404757e+00
1.145977658598879678e+01
7.653391226127546076e+00
7.732574203246231015e+00
1.090632592307287752e+01
2.711858469239742497e+00
9.010465766759935491e+00
2.400439950859287741e+00
5.234641036284042315e+00
2.945991964178351186e+00
1.208394190333542229e+00
1.748787962537278418e+00
1.426648980272118195e+01
1.482786914747574514e+00
6.085886801471909635e+00
2.498264248129316201e+01
1.237212878381448000e+00
6.507851418093014928e+00
2.101747464797042664e+00
1.943380123882618449e+01
3.215033886300106669e+00
1.340729392083521487e+00
4.596125660390592671e+00
2.909886732257521480e+00
7.579888305556801598e+00
4.168765687358729544e+00
1.978787597252554153e+00
7.652849423059872258e+00
1.127695316957804561e+00
1.146656852957155515e+01
6.458901415957594594e+00
2.051085439399685762e-04
2.342431581990528144e+00
1.409663024867795045e+00
9.040079599912896668e+00
5.831538344296856025e+00
2.314117070825718159e+00
2.396536348115544612e+00
4.333435350579299516e+00
1.005536058813693856e+01
6.839539161567902426e+00
2.065638160452387240e+01
3.209993334384565244e+00
2.006865322629736603e+00
1.099812458703035567e+01
9.337175739467555857e+00
1.832791616275151414e+00
1.761777933108415128e+00
1.146755478221973767e+00
2.572681481840522366e+00
3.391812295381862796e+00
2.789142156073980061e+01
2.456466566355108405e+00
7.799438016602697754e-01
6.741814989218672061e+00
3.809228510238524823e+00
1.238341393993168538e+01
9.410993429396516063e+00
6.058012756283401856e+00
1.952295523942299216e+00
9.669162962282280560e+00
2.218639689925262282e+00
3.045530449222692670e+00
1.575675827382068572e+00
2.480652690051351472e-01
4.421652754236701788e-01
8.020321588393470869e-01
1.965094804930964889e+00
1.104071280488685192e+00
6.247650251263037191e+00
2.930031674218986915e+00
1.026973374868255462e+01
1.723313770665227551e+01
1.228674165025563925e+00
3.146714673217571701e+00
2.734101218933997934e+00
7.850172504478053703e+00
2.647020680320055330e+00
3.782385409537059040e+00
7.230122715739751849e-01
3.141653936221247889e+00
6.674222858993563712e+00
5.092568733014790183e+00
5.020272247114212494e-01
2.167061709107897638e+00
6.816797355171035910e+00
4.864956500576051113e+00
3.988686029423634150e+00
2.801563537252976133e+00
2.103538860326959892e+01
5.655744317047059155e+00
7.561540181829744967e+00
3.002713255993703534e+00
2.249114671872301852e+00
1.423514760819704073e+00
8.288920492238553095e+00
9.253882242912649048e+00
6.268976021183156888e+00
1.282494596330995762e+01
1.134986350411351452e+01
1.090995003434972910e+00
3.230029519717788844e+00
1.255408324878576209e+01
1.392403127625551740e+01
2.231812584598823701e+00
2.000134630080305786e+00
1.998847707067866741e+00
4.144694357664480577e+00
2.270627142015156252e+01
6.348509287735514484e+00
9.528181526987332006e+00
6.678652642733792000e+00
1.790949239767854451e+01
8.534626821648537032e+00
4.142045053164868484e+00
4.454416211410145543e+00
1.897858003226011725e+00
6.519947758847953523e+00
5.326934482977167207e+00
8.530621626523478440e+00
2.501940473065924930e+00
1.037348936106734953e+00
1.562308523325358633e+00
3.893737456911707806e+00
8.141039868113660205e+00
1.989694465259131073e+00
2.546834337125448933e+00
2.360113348280453494e+00
1.079867400465194649e+01
5.917198242742701453e+00
8.314410911515242031e-01
6.164985576632199482e+00
6.739880160016189503e-01
6.418216577576879800e+00
4.555717096518490550e+00
5.811323800931353922e-01
1.586690108857958803e+00
2.010107664358959489e+00
7.741231844893671221e-01
4.177965891304306290e+00
7.293311985805748243e-01
5.713185098488483327e+00
3.754084143683836139e+00
4.539371079756853611e+00
2.355365807150315294e-01
7.573039722436789134e+00
6.629144887383504603e+00
2.704681783631746494e+00
2.816367329534728015e+00
1.301078284160523069e+01
1.735792795615819228e+00
5.062896930284094266e-01
2.181204509723249974e+00
6.253539942868911794e+00
5.395691673203509842e-01
7.902974205233046501e-01
5.804094133724444049e+00
4.678305827489463553e+00
2.817800404510716339e-01
1.465101311094788583e+00
8.566260229163324524e+00
2.265761509500121917e+01
1.171732930256008132e+01
5.705958393019913366e+00
1.080946331817135952e+00
2.980520479918715271e+00
1.964756935074933875e+00
9.677688677921651106e+00
3.915728142686809132e+00
1.727796084123145226e+00
2.088059054664745506e+00
6.422350377311212277e+00
1.061273237377673340e+01
2.601035442518905505e+00
2.226342408390642902e+01
8.461248754950695172e+00
1.556202052855122808e+01
1.417476684285576205e+01
1.487039805369247958e+01
3.642681525232056572e+00
1.710970788138679755e+00
8.768387163006181595e-01
2.573653246754743495e+00
3.946946088929316865e+00
9.710515892453798870e+00
8.594464478841786104e+00
6.906609159435604939e-01
3.142948027718688309e+00
3.183027382246957249e+00
4.956517842530688278e-01
5.097563110402645314e+00
7.679977964829007853e-01
8.129905695487377182e-01
1.730679560380472326e+00
1.878567754910166343e+01
1.003989907162148087e+00
2.106913301919719039e+00
1.018181800155901584e+01
1.766421600693100835e+00
5.182905613946083179e+00
9.544587798537693679e-01
1.486850041670289890e+01
2.891051809004256956e+00
2.227855861662354719e+00
6.290302007504039450e-01
8.183517624049622796e+00
8.280987513005960698e-02
1.591405267769779464e+01
1.475028628431679145e+00
8.453472010441367424e-01
2.021534910348615099e+01
6.359448478262639259e-01
3.221416231928937890e+00
3.432678127130955659e+00
3.283332274170209786e+00
1.472451451726466853e+00
4.878716929576051520e+00
1.334382395987903092e+00
4.538738736720893119e-01
7.194130658378393051e+00
7.222822657149913894e+00
9.933111191744206092e-01
1.958416468890114004e+01
2.517974721554843587e+00
1.316411975687377112e+00
2.337905826545987775e+00
2.451796009707646107e+00
9.217867765146603887e+00
8.124327288636237765e-02
2.780746904243370121e+00
6.102254339326341537e+00
2.051077830786109057e+00
1.979225443006688678e+00
2.529260919382303907e+00
8.204366800977420660e-01
9.004018102523007883e-02
8.436190876863401300e+00
1.267399406833594533e+00
2.147551367749159112e+00
3.384096832189101844e-01
2.337318483153267845e+00
3.114786392151451366e+00
2.786934247044904112e+00
1.334892709691876789e+01
1.408939398795042486e+00
5.447663591157663632e+00
9.636721767108152648e+00
6.546972997806918215e+00
3.354871617639012538e+00
3.251659690669196578e+00
4.989834770108839024e+00
2.013554877776149965e+01
1.439194612101930559e+01
3.444218342588059478e+00
1.500032051211502848e+00
1.649453709418257574e+01
1.399262919915760683e+01
5.668379763927584580e-01
5.251096032716636719e-01
5.983624446380672035e-01
4.283077526476378516e+00
9.994293349725939635e+00
5.091067213940023706e+00
1.287541233710916888e+00
9.997367863438597624e-01
2.287744762653039743e+01
6.736309391641476019e+00
1.143746238504243506e-01
3.669069787657208259e+00
2.395990061251405479e+01
5.816372081361144808e+00
1.156233751748705574e+00
8.301045233957774272e+00
1.657786367345340239e-01
3.029041308659361498e+00
2.106947783277425934e+00
3.939724198037571901e-01
4.383925335145628210e+00
5.134050162040317389e+00
1.153082441995345775e+01
5.856722537784953886e+00
7.761810211491040334e+00
2.160749923101296766e+00
8.451017771772640907e-01
3.305827228017271802e-01
3.877697054734784432e-01
7.282164180825495770e+00
4.737112588857769424e+00
8.409748509038361686e-01
3.611612145472794744e+00
1.068609262269956339e+01
1.392230427442466123e+01
1.414810819075122339e+01
3.453219108907327417e+00
2.169980778146072709e+00
1.924049816601151042e+00
8.997566537755927740e+00
4.509439880588258509e-01
9.896068009723158809e+00
4.922766780804912479e+00
8.135122536596783860e+00
7.558601233913667450e+00
2.331856502329759273e+00
5.007469573538648078e+00
1.994080970040238432e+00
1.978913136394595984e+00
3.462268797811983045e+00
1.237486558975396456e+01
3.726623294360833061e+00
2.362224024809084000e+00
6.218767677623255885e+00
9.912161201734507543e+00
1.441198579474225472e+00
6.898968077719876746e+00
7.314438058767055217e+00
8.970202748256957292e+00
5.488820151787705548e+00
8.515315925065627400e-01
3.564325320484798443e+00
2.073165408014363997e+00
1.354257985968724265e+00
5.278637332532937210e-01
1.350178864674835610e+00
3.602778639975026120e-01
3.780682924470139206e+00
1.040304220773555599e+01
1.541713672648574729e+00
3.284752536055057348e+00
9.463629143460419613e+00
4.093143531222839249e-01
1.703324266253197106e+00
1.911280964346951050e+00
9.121841169199264243e+00
5.342247476028724185e-01
6.810282914080383776e+00
1.793388923784664302e+00
2.501166726477895841e-01
4.005148452678413684e-01
4.771548449260891445e-02
3.504049485680089671e+00
1.747904958881735915e+00
1.404088174665288058e+01
3.912176163319828204e-01
5.792240207365661142e+00
5.572191556759235276e+00
2.411991867168702619e+00
1.081747557537305476e-02
2.384263932340935810e+00
1.420153275656580227e+00
5.581454174141412317e+00
8.135068295536417082e+00
6.144522734795949681e+00
1.536335411474813117e+00
2.170449148879108683e-02
4.592259241716644347e+00
2.944224108945515006e+00
2.899315626038869720e-01
1.497909453734291674e+01
4.366246783733515713e+00
1.943438622570099750e-01
5.082184731319481230e+00
5.910417576735612855e+00
8.083644499964417918e+00
7.644731137400924137e-01
5.238897052840996160e+00
2.337003436344444740e+00
1.512506748837763926e+00
3.675620973720685747e+00
2.086688962123954383e+00
1.974651044606190897e+00
1.833283906375147865e+01
2.506558456478358732e+00
6.448547096459751771e+00
1.329429458766951067e+00
1.917063134093332177e+00
2.385042107164134784e+00
2.978479836737197850e-01
3.629186157053025941e+00
8.715734114969846402e-01
2.571211310376239734e+00
4.686068658425729616e+00
9.711342705303311007e+00
7.860208629056078422e+00
3.571348969788448180e+00
1.068153121145543949e+01
1.661054700674532825e+01
8.991376116301386112e-01
1.763263368682527954e+01
3.068411429321169059e+00
9.903773476380290930e-01
3.447362828344147978e+00
3.343148474793204095e+00
3.772895962390297342e+00
8.420144273626355425e-01
1.677199838394036191e-01
7.625521537778984005e+00
3.121821646554765017e+00
6.304628029429649727e-01
1.150539788921403783e+01
7.638412349551040315e-01
5.797571901771402025e+00
1.609405839892535539e+01
6.899259083519721614e+00
2.532914803199426412e+00
5.311324510355118989e+00
4.510835923384463042e-01
4.988280062383168456e+00
1.021973012173253759e+00
2.100153514343361838e+00
6.520196764921662336e+00
2.132233706562814302e+00
9.672467718068903153e+00
3.188663786313657322e+00
2.315486695079227886e+00
8.877238240750500609e+00
8.295471625364189805e+00
3.990412656219834986e+00
1.759803601170716325e+00
2.531235765083970790e+01
1.345606672087261702e+00
1.619009232451812386e+00
1.013400441027104470e+00
1.386895323991368834e+01
5.547165780327132367e+00
8.465347791743790040e+00
3.988910872540054608e-01
8.897288393623018266e+00
9.772753987779256857e-01
6.798292422258527257e-01
1.683221348083578039e+00
8.718560211656386727e+00
3.455126530131073626e+00
5.647493834770886068e+00
8.975732309632794559e-01
4.017480544697304423e-01
5.013446949613990178e+00
8.016164400728341022e+00
2.966001681366909004e+00
1.865910101114055114e-02
6.223237380848315681e+00
5.598887739672892216e+00
2.963376877524376951e+00
1.059200524845202551e+01
1.615238099335063904e+00
2.794661339258563970e+00
8.467706606610168052e+00
3.759890909584424179e+00
3.808966011750245961e+00
6.265336172085184785e+00
1.319233093823368996e+01
1.143665600190648668e+01
8.750707432589873491e+00
1.650557789352841143e-01
1.111078238250801986e+00
1.245416961067644213e+00
8.194541699508443855e-02
2.371499555303034690e+00
1.732242721893718640e+00
7.586537928862014724e+00
1.086563861501894657e+00
6.624432276288752419e+00
1.232076032177014113e+01
3.823950396546902386e+00
2.721916795266976052e+00
9.994161942160372902e+00
1.322575751106057629e+00
1.058225949950577771e+01
4.486984883163576576e+00
1.101357055932258966e+00
3.719421493350366426e+00
2.063762037013097406e-01
1.238969093295877144e+01
3.149524551446247767e+00
6.532121456089333700e-01
4.397685404266866271e+00
9.395159900245854123e-01
5.500275543247812315e+00
5.004889291263759921e-01
6.221591404629486455e+00
4.531403028365792451e+00
2.436101799484954533e+00
2.112546218266306042e+01
7.531885986936450728e-01
2.978347886677086900e-02
1.441977042325159886e+01
2.287649361604721765e+00
4.363856918540346186e+00
1.537382828185354988e+00
2.016760494087655786e+00
3.484460378921911072e+00
1.572320404567393837e+01
3.593447700180640414e+00
3.922817447198330143e+00
4.196044295349187769e-01
1.454905739296431477e+01
1.330144109269793873e+00
9.554935126057108263e+00
1.488303592719708579e+00
1.470374238191673122e+01
2.402955880687879908e+00
4.297045848553046277e+00
5.147483255664493385e+00
3.735277096870377900e+00
6.371418392371792194e+00
2.660630106478465873e+00
4.038594178068224849e+00
5.479112731726447194e+00
6.374186876348853836e+00
8.825014978212020189e-02
2.084331222735129163e+00
5.484376794349348216e+00
4.532335417913672337e+00
1.972098651853108287e+00
4.323847221166111865e+00
1.178487879563419227e+01
1.422658575160282268e+01
1.757879616013922686e+01
2.677082539343835776e+00
6.234718636324557473e+00
9.552145281510975749e+00
5.608933137650289780e+00
4.154629768208838669e+00
2.962323992286883367e+00
5.232489676521236976e-01
7.329985155544502362e+00
6.807298930359246825e-01
9.724042706263077984e-02
1.654154472728936565e+00
3.403318496839438656e-01
9.346872769948315618e-01
4.024337750897002408e+00
1.334151406013650742e+01
2.153425376008181047e+01
6.631709278490188986e+00
2.068906374910628454e+00
5.943601349714425552e+00
7.912179708891607710e+00
5.586197738156361225e+00
5.312054771658675456e+00
5.873499154866202998e-01
2.264448041022789226e+01
4.984618305892772661e+00
5.073479981812677231e+00
8.682187949765660662e+00
3.139245549241123534e+00
5.852979530044627232e+00
2.701062872180335361e+00
3.580173610279053786e+00
3.909797656500924479e+00
7.950079128822831187e+00
1.138479792968048443e+01
1.168390719837254094e-01
5.575732043087229250e-01
4.030526566702239855e+00
3.998908897155327047e+00
1.140865645507213522e+01
2.617634850679759850e+01
1.376507544308919195e+00
7.668333610109644205e+00
2.393311991772903546e+00
2.086784545608034946e+00
9.804854542760862657e+00
5.715287285569620401e+00
5.113675131683070418e+00
1.391450513154480539e+00
4.513610294690140634e+00
4.678814114726678852e+00
2.823021204220757419e+00
2.641425087036970432e+00
3.530319138121514877e-01
1.106732557743227474e+01
4.115903138967610175e+00
7.111374866118341131e+00
5.657207298301424103e+00
4.480030275062908629e+00
2.266464780999925210e+00
7.254872358644427699e+00
2.997806972101726419e+00
3.919824087723480677e+00
2.058318364986023941e+00
1.786875317921342443e+01
2.171845659554259456e+00
4.263759187508316728e+00
4.212495588998288909e+00
1.201744273182015377e+00
1.140805380105240374e+01
1.521230262504717767e-01
1.720945345739556931e+00
9.904354921803347978e+00
1.008720278986901242e+01
1.296139303046255087e+01
7.402468633987101754e+00
1.473812009901651177e+00
2.319479105923834439e+00
2.285866764406657425e-01
1.499335700576867048e+01
3.225936348434609080e+00
2.304149825334439683e+00
1.001868531309711763e+01
1.831968498303998327e+00
1.913908810379872927e-01
1.327134459257385046e+01
1.501340756899043116e+00
4.270724525579920439e+00
8.515185940214234250e+00
4.546669940475520200e+00
6.557397188294403989e+00
6.197907363197454611e-01
2.321176335748274422e+00
4.272606665985734797e-01
2.258720398633830229e+00
5.496465323458331609e-01
8.210041057023993005e+00
6.020306788368582573e+00
4.172305841567021112e+00
2.582087372533310443e+00
2.514661813961221348e+00
4.915892910076007927e-01
6.990365548969057485e+00
1.740210018851411355e+00
1.828748086675318074e+00
2.983887410281861108e+00
8.453211808223276336e+00
1.478180174124645241e+01
1.589905615136222394e+01
2.234823800952956407e+00
1.249469283584318546e+01
4.884944613791339485e+00
8.649128628015199993e+00
8.984913741020502442e+00
4.000741915228493983e-01
7.887151438082264931e+00
7.984654599546650022e-01
3.930667774722209185e+00
8.317901990101695731e+00
1.434923156169088720e+01
8.604425554584047120e+00
1.215820886097315423e+00
4.770269534046331361e-01
7.726799238731906883e+00
4.793045508143606526e+00
1.039480380678210247e+00
5.379471778531012660e+00
3.972995538087653600e+00
1.121276977591652368e+01
1.165155944534648658e+00
5.827295719334487423e+00
3.785402802207943118e+00
2.801939309977066639e+00
4.015153913487582216e+00
2.849859774811622781e+00
1.132915698027223783e+01
1.270309182788194935e+00
9.015315581348515295e+00
2.394093303810739570e+01
6.530598103368357998e-01
6.880197490733181986e+00
2.412493513009682733e+00
1.103492577407997643e+01
9.868453634906718008e+00
1.219913907056257862e+01
6.359032674810629615e+00
1.061496209122249512e+00
3.449163269018543643e-01
1.234535197992539191e+00
5.542780417005996885e-01
1.348270607032314672e+01
3.479635837645836460e+01
5.444704451783241028e-01
1.064993877358082264e+00
7.110386932238028646e-01
2.055524855232947345e+01
2.906469094923961549e+00
7.567068235986829094e+00
4.142730232206177199e+00
5.764015401634071445e+00
3.441485344902790455e+00
8.086979357663153234e-01
2.651043484215308332e+00
3.062478269392001184e+00
5.174886526077390414e+00
4.523766134945529593e+00
1.819672914700525057e+00
5.187016880174245559e-01
1.468160809671154254e+00
3.656759437502885568e+00
2.355426850975131270e+00
5.172361916427325568e+00
4.557033207889123361e+00
2.328065194016475381e-01
1.284175155583066719e+01
4.364882506008055607e+00
1.427174714349346019e+01
4.143944838199500325e+00
3.748322104872276128e+00
7.134011638608255268e-01
1.541045847305835048e+00
1.865756909329191748e-01
1.560759247664140759e+00
8.299184180004123945e+00
8.651432164906379674e-01
1.805457136922749672e+00
6.629257656348505612e-02
1.093432649592170902e-01
1.115553055546651962e+01
2.191062441650589498e+00
3.140087635151406875e+00
5.233696658626294962e+00
8.291218029078777363e+00
1.141680697831747970e+00
3.188551130295433467e+00
5.898926373307861404e+00
9.115195734875335409e-01
5.080937940305955358e+00
1.834192412379895387e+00
7.584687484380735478e-01
4.458066026889940248e-01
1.920982487961479857e+00
3.364814549941833377e+00
5.194681850906632814e-01
8.325270884362124812e-01
1.067776461370445773e+01
1.010409495424008774e+01
4.939313094631369694e+00
6.162912412659141914e+00
4.586956608057449536e+00
1.485965485946124875e+00
2.491013041665879779e+00
3.490897220581828275e+00
1.018765414440008499e+01
5.995889323920721159e-01
4.190036667790215219e+00
1.750740535707710155e+00
2.265581751900493046e+00
1.453188739906311699e+00
2.080117764658719448e+00
7.206541302276688654e+00
2.319803699036710753e+01
3.697272092538318233e+00
1.187262217028651534e+00
1.513585944379377546e+00
3.356581040827269824e+00
5.224990357567004473e+00
4.086710495077621630e+00
3.871863986687470671e+00
8.517351379526771904e-01
1.206633159107405984e+00
9.067597561539892936e+00
1.925559104503229202e+00
8.651340251809028103e+00
3.726988896296093312e+00
1.409815584618465234e+00
6.853415077739326566e-01
3.703289130258178297e+00
1.891032482942622384e+00
2.528140203452320023e+01
2.444749638654435120e-01
1.402012236094675224e+01
3.774047652997900570e+00
6.532285064560285903e+00
6.134417855175370526e+00
7.955693376939841910e-01
7.970306054940250184e-02
5.638906446115167448e+00
2.597244776504335384e+00
4.346661147281116300e+00
6.559068534931835615e-01
4.162040674523010075e+00
6.232314889409352077e+00
4.161795316340156425e+00
1.285032249633669021e+00
4.415596380202534199e+00
3.347698736995759816e+00
1.674555782511451874e+00
7.719991046410906499e+00
2.265872848058967826e+00
1.188673398259565639e+00
1.480531088721582478e+01
2.078614970379178306e+00
4.594868375265002136e+00
5.009023711375128585e+00
4.241463301500558281e+00
2.821313671760806718e-01
1.770899631593567392e-01
7.443219185596725573e+00
4.026283703414502924e+00
3.119986211831845324e+00
1.455255856237198131e+01
3.025797323802185801e+00
7.692710323960744390e+00
1.088794881463818864e+00
1.206255009752205609e+01
5.952224908707760775e+00
6.155901930405186739e+00
1.446641460531261192e+00
3.624595928446340487e+00
3.236651937996255501e+00
3.350283242903083547e+00
1.160727836823839354e+01
1.008602871419837843e+00
1.222957563536761327e+00
1.355395508995623111e+00
7.240427299245887127e+00
3.063985855961862681e-01
2.624456021244344628e-01
3.616048605254740256e-01
4.533421894138422559e+00
9.765433682600457743e+00
1.537359106680913579e+00
4.268876859756280950e+00
3.379513539591214588e+00
4.874036759230548910e-01
3.890929069354459813e+00
2.300897481958994462e+00
4.856516277014400806e+00
8.073350490834867443e+00
6.909754895094061489e+00
1.034701203242851619e+01
6.510612815437628598e-01
1.059508971771264640e+01
6.177907486512447477e+00
1.545363990104965946e-01
1.125498138465942866e+01
3.202804666822501312e-01
3.001322173747484445e+00
3.588214432387803576e+00
1.016929181458692355e+01
1.317873071454071177e+00
1.525720575425348713e+01
2.301826324274047320e+00
4.860406071427894936e+00
1.273184313395995026e+00
3.118098190535361636e-01
2.445818267962223125e+00
4.513858582624236782e+00
5.885693085251636703e+00
3.886239323153237724e+00
1.112174837531508809e+00
1.693937275185959024e+01
3.165127437361193063e+00
6.026584697464865137e+00
4.956017293608846686e+00
2.195708458532798613e+00
3.912454589212304601e+00
5.271723620744845462e+00
1.171590830218315205e+01
5.492608674696476179e+00
2.422699295647138928e+00
5.326291187663829696e+00
1.112120826108372107e+01
5.683947313486709341e+00
4.982505877175352538e+00
6.100453445068717784e+00
4.431123706394373585e+00
2.782537970470882360e+00
1.333229255749998732e+00
1.647683370025992744e+00
8.393367693364155002e+00
3.611631209402125231e-01
7.848885470418979438e+00
2.953436468074787769e+00
5.540470161579882813e+00
2.124717427477063048e+00
1.545661973330956940e+01
8.760539414317393136e-01
2.205878199203833390e+01
8.163187437045786865e-01
2.115026692058857183e+00
2.898126499888182384e+00
3.569725374817558361e+00
8.109858974101895601e-01
6.957028755119808450e-01
2.362016162380442097e+00
2.147106329362033961e+01
2.235101910795258107e+00
1.383552555383848315e+01
1.783423343938268513e+00
6.663549286080846734e+00
9.909419603214860928e+00
2.773500348899717860e+00
2.381247035928633071e+00
1.033722027860136805e+01
2.473277564372165838e+00
6.891320454949060093e+00
3.463278058908802137e+00
2.832085599943115373e+00
8.899695338363282637e-01
7.536796046392547410e+00
4.181804847550480986e+00
4.563795830940465592e+00
6.038862558805487168e+00
6.316914236097070923e-01
5.778288658419188373e+00
5.684723599249625003e+00
3.854012362899724042e+00
4.356791216681210610e-01
1.276229802105537603e+00
4.489781967715985367e+00
3.084039907811058079e+00
1.416421904713182744e+00
8.752636031020177398e+00
3.718073723815189080e+00
3.149450253915471176e+00
5.416819830111351486e+00
6.236138760336271680e+00
7.674945655402022560e+00
1.382343696574958924e+00
4.417827074495830342e-01
3.110375103659858809e+00
2.365729294994391441e-01
4.202931314102275606e-01
3.537750715663432910e+00
3.707953542909994127e+00
3.152724926408673412e+01
6.185299010706518885e+00
2.458821834339002521e+01
2.739761028412568855e+00
3.780985631374820244e-01
7.494741577596362170e+00
9.909532356442174006e+00
2.321939460474278860e+01
1.157882928351397389e+00
9.062893110991100676e-02
4.328007526661428628e+00
1.680108416524287218e+00
1.362898763620798537e+00
7.304629240459457051e+00
4.008028733175231118e+00
2.952346453491680123e+00
6.242853045365589715e+00
1.961405144773184617e+00
1.485663711225313932e+00
9.728486380571135683e+00
6.272862432090145823e+00
3.186598335455497200e-01
1.060676879194139222e+00
3.432146542291639513e+00
1.638855836706379687e+00
3.599005294290961388e+00
1.112261730025392747e+00
5.563069942247780286e-01
1.578319250250997063e+00
3.373256375714944966e+00
6.728178874112567875e+00
1.468325735604552040e+00
3.049095662486053016e+00
4.707360438683212855e+00
3.320216392444810705e+00
1.833431682403861451e+00
5.118245938087826019e+00
1.403319543527636881e+00
4.639943077953260442e+00
1.712471108559409649e-01
1.884055752995587696e+00
1.327342156555531005e+00
1.025655420794073969e+01
7.972689919067463826e+00
2.061911214777995660e+00
4.086720313433599649e+00
4.400307799232911599e+00
5.594290035932947269e+00
4.462581605816228203e-01
8.275109721061326695e+00
1.051626851228912329e+01
7.931516315771593106e+00
5.651569154407347639e+00
6.165592946837817223e+00
1.270806393244094679e+01
1.406955604545535010e+01
3.402914445671354926e+00
1.876159506211060091e+00
3.266170539110254012e+00
5.046262899899616627e+00
6.367074997225947719e-01
1.276403876327595333e+00
8.058922602612625496e+00
4.637865291919829325e+00
4.852007965992613525e-01
4.000421822404977013e-01
2.085469416118371111e+00
5.824770867799528240e+00
4.052192257726537683e+00
2.833899681400773307e-01
1.069183773949866278e+01
2.982118890091485675e+00
2.485622114720253517e+00
6.114717772196049062e+00
1.705784517337640338e+01
5.878841223198629784e+00
3.170380554042128152e-01
3.892224050465599827e+00
5.997869213616232820e+00
8.440651924431167075e+00
2.799307707951670920e+01
1.175286767493767570e+01
4.544905394467731174e-02
1.811238677070549130e+01
1.933196644526974595e+00
1.030455923868797363e+01
1.411761842622061058e+00
3.422488272013105015e-01
6.751887029620387004e+00
5.230276320433915771e+00
7.502693035174694103e+00
5.150086927758715794e-01
1.877675691118237955e-01
5.146203035096115208e+00
3.165962479266077878e+00
4.678153823669291889e+00
1.197814304407564645e+00
2.422189716961580253e-01
2.484000422424811561e+01
2.367970253433927752e+00
1.551416206649664176e+00
4.460133851850141440e+00
1.683465603632629648e+00
1.392913793891635610e+00
8.398542456554212166e-01
2.139334929659342244e+00
8.447616177315062203e+00
4.173409065010579511e+00
1.726706257527765587e+01
1.405934485184554106e+01
1.386702654939406809e+00
4.421450641275762372e+00
1.584310973086451568e+01
1.712555911332939473e+01
7.735096078923110241e+00
3.912235727631600213e+00
1.212670156622506035e+01
4.443205672914094961e+00
1.148409747310643603e+01
8.599965652099346158e+00
8.087517369795717670e+00
2.040212325488847789e+00
3.922025083129908829e+00
1.496633876888274095e+00
1.869051035384103088e+01
1.231226704944493378e+00
6.294306133558036365e-01
7.401562352902110398e+00
1.803675962800937116e+00
7.671208320029125893e+00
1.261541130519695519e+00
5.751432711946379506e+00
6.106073194340757126e+00
8.424432821836226992e+00
2.471415446337493549e+00
6.931899470353608095e+00
2.028874336854189053e+00
2.020403257686122700e+01
1.148196378496131587e+01
2.192689758379415110e+01
3.703358805282389810e+00
5.340114377183201810e+00
6.925583367868165530e-01
6.435669274040066723e-01
1.153225294697779013e+00
1.252153613798615561e+00
3.995942212544900118e-01
5.293262354904717526e+00
1.743581498365699201e+00
1.125182261369577219e+01
7.098033215417077102e+00
4.228416616920077864e+00
4.416797989893530740e+01
1.003742808170304102e+01
2.207101185801767229e-01
5.730724235261206445e+00
4.312223005408655219e-01
2.527604429857260304e-01
1.104394134175074926e+00
4.513944665187484828e-01
1.445422333945420634e+00
1.408978316934716757e+00
8.683424740205701653e+00
3.535796361243402686e+00
6.306965510265408525e+00
3.070974483195510363e+00
7.444252981354205545e+00
5.858115808468811192e-01
9.302415591006237605e+00
6.607369630805742133e+00
1.338628263063501023e-01
3.481519113233899620e+00
3.361354475566590061e+00
6.556558957061150217e+00
6.999824972555846792e+00
4.808685214589217161e+00
9.057252109848469956e+00
1.091452696324214822e+00
1.610639614534099817e-01
1.357124451166725754e-01
1.236381969540837789e+00
1.025539978707349675e+01
1.511992917975826023e+00
2.176933918115859790e+00
7.388282252240077952e+00
2.075657001726706419e+00
2.227437230377130817e+00
1.893059833226230282e+00
8.773207139541419064e-01
3.672803453603068924e+00
2.453643448142568673e+01
7.948380991740135570e+00
4.432998558139593648e-01
6.884382718130577228e-01
9.731310015925402013e+00
2.658440830330741189e+00
4.545274424261049440e+00
2.265642816013362371e-01
1.245205654526331918e+00
3.359000392111004096e+00
2.339487788884705211e+00
3.957127180295420654e+00
6.112340617850247071e+00
1.795533421612135694e+00
4.336552598190528962e-01
6.730410327899169154e+00
1.582683686256773470e+00
6.597788099076795643e-01
1.065629685749710021e+01
1.993482410322428011e+00
1.046030310785379225e+00
3.330660758228034091e+00
4.147603295021299985e+00
3.046720653220194919e+00
5.142607627619889321e+00
2.398751005002102588e+00
1.882885289187809619e+00
2.861041258624494876e+00
6.211741158658061757e-01
3.087282557714540410e+00
5.958200951460879580e+00
6.944720166233385505e+00
2.208351595912493970e+00
6.076283019991006284e+00
8.345247355284680424e+00
6.795670494806127504e-01
1.831266385651007189e+00
7.075083462543574342e+00
4.228820335574233757e-01
1.167065202972644045e+01
3.330680652647234341e-01
8.342125728031406950e+00
4.959600893312725134e+00
3.221070420558441505e+00
1.032526715372173776e+01
1.985316142425719832e+01
8.848353677772538006e-01
2.429855267075289760e+00
1.204621565475193744e-02
5.197639692354074636e-01
6.196546123796781380e+00
9.369274321677810713e-01
1.316873514021805747e+00
2.580897827137207834e+00
9.548972751853397334e-01
2.365462940120626634e+00
2.498924180171800735e+00
3.343883249638772259e+00
4.774218445834225832e+00
4.636545902290636789e+00
1.155917437805536707e+01
4.302557318900311678e+00
7.525707859406012279e-01
9.976026823254846576e+00
1.790018363216463460e+00
5.887528754410255027e-01
1.377147676108936292e+00
4.581940519492452846e-01
4.313317040096342758e-01
9.912642870829181163e+00
1.100935628324922533e+01
7.469091857353689967e+00
1.442921925849244280e+00
9.194175654596897784e-02
6.105133826477832315e+00
2.609098241651727879e+00
3.729492762171308762e+00
8.580680587830646910e-01
2.250818115458980806e+00
1.113314056776586680e+00
1.331290361434386504e+01
2.654449513016832185e+00
7.850732497763477369e-01
6.851416459959278171e+00
3.567870981345532266e-01
5.743653457761296321e-01
1.037138969057463989e+01
6.893406404209837746e+00
2.820821084516614174e+00
2.788774773770094306e+00
6.614320554272240749e+00
1.201254459016173293e+01
3.752491954462558454e-01
2.008181485009162159e+00
1.325371523589490153e+01
4.746370739022969687e+00
4.107025585444997517e+00
4.372546710050337460e+00
7.903448535968092159e+00
1.180087356133364268e-01
1.215260054508069176e+00
3.146494259290417261e+00
4.736883083713664178e+00
6.008136433593791459e+00
7.377936348624055896e+00
1.484393461194410513e+00
4.735210901416189166e+00
7.550129859338349014e+00
1.403305205155843716e+01
3.812838945482321940e+00
3.670870475331883265e-02
2.198481787885730121e+00
9.208775743543386127e+00
8.202958996816265724e+00
1.812164662857037367e+00
4.655359737843233425e+00
5.980716807367317145e+00
1.084047304681313761e+01
1.058900606431451408e+01
2.396775768808558471e+00
2.136032287921481920e+00
2.521093538742464446e+00
3.904955040703917302e+00
3.227319337500185181e+00
2.587659890244496275e+00
9.558936959365311736e+00
1.673330688813711165e-01
2.341354806424793988e+00
2.762785947812049336e+00
1.018904250416703583e+01
2.595674623522967295e+00
3.137726332511498462e-01
3.008049348618662133e+00
4.038263814054035561e-01
3.464804310571695911e+00
9.090362167027531415e-01
1.437737287310211221e+00
2.890178650129598736e+00
7.171654184420593880e-01
3.043723151333686427e+00
6.776170615753346560e+00
3.864860590835077492e-01
3.069827723606156078e-01
1.653658234951185801e-01
6.377259174690047550e-01
1.290643489002200939e+00
3.366163293606128093e-01
1.613052269177449105e+01
9.072325266193493887e-01
4.006156083511409061e-01
2.111956694514189881e-01
4.169299468780318652e-01
3.464752839678839069e-01
3.335646157391363165e-01
6.397114467848813213e+00
1.543423968715766703e+00
1.697874226414234133e+00
6.493082705753607797e-01
7.202640566964051416e+00
8.359099728314889788e+00
6.603304739974240611e+00
8.866690569432442715e-01
1.205563080251202290e+00
1.735465132850269399e+01
1.874230668812990785e+01
4.983252501925729661e+00
9.153465620621548116e-02
6.578843875155633292e+00
9.906067678364683937e-01
1.297469247642220672e-02
1.228078438035809938e+01
8.893059340007452018e-01
9.578974420381523913e+00
5.288988462447437033e-01
2.226829232996143215e+00
1.845810859420096595e+00
2.782523371826163272e-01
8.045373641755231287e-01
2.157966669414714378e+00
2.201684843056762819e+00
4.021453910472590904e-02
2.263898554319313305e+00
1.149433074354250905e+00
1.317983379192405047e-01
1.873260460114743786e+00
1.023948301446540476e+01
4.420454403083567740e+00
5.327065087377770070e+00
9.884228286045232403e-01
7.877582027877961579e+00
1.675780489388682071e+00
5.865791754079593190e+00
5.207696146610932608e+00
1.580415628990960775e+00
5.070374221625013611e+00
6.117035795802494569e+00
2.452958725533310957e+00
1.735803494209017117e+01
2.093469874164672007e+00
7.326320797946780594e+00
6.254487557674867304e+00
2.106647635499949267e+00
8.272783555392035026e+00
2.674071835492792371e+00
9.789192306440483993e-01
7.986886783872490625e+00
8.992770930499853321e+00
6.842273823779344566e-01
6.257103752638871086e+00
1.030725611809972087e+01
1.371917776537154021e-01
1.883393148824087371e+00
4.207215350406337429e+00
8.436282967194005167e+00
4.960663824993391202e+00
3.341816824644860517e+00
2.928200124524562131e+00
4.157726712916308465e+00
3.033155120814485795e-01
5.517741810375111911e+00
5.118203473544392229e-02
9.972894027538238504e+00
8.089006119812891527e-01
1.970228830530881492e+00
7.811124508238953545e+00
1.085635918527043664e+01
8.892345024859135805e+00
2.132013061702587464e+01
8.762249324360201541e+00
4.189821602977132464e+00
3.603480458714071410e+00
1.092991193014927731e+01
4.107964393958377869e+00
6.119112513430968292e+00
2.502939805446046106e-01
6.692257418049696316e-02
5.437329778833174032e+00
1.483333690441177577e+00
2.334743314471296127e+00
1.426169153406918744e+00
2.399939607633712502e+00
1.277087599451190436e-01
9.922822592022935595e+00
1.854463195224202776e+00
2.283415327907063919e+00
6.502487658833210560e+00
4.306667150967625202e-01
2.477127526583649875e+00
5.929225957660628765e+00
5.667957767379792067e-01
3.839784322536774930e+00
5.078274870279674003e-02
1.007514881888834601e+01
6.989528752250162569e+00
5.432694719962781527e+00
4.095960349157133251e+00
4.438543484194148903e+00
9.148906505345287599e+00
1.286998967713634812e-01
1.698669453875262247e+00
9.221211317582486799e+00
4.709503644785030474e+00
2.075871980397851591e+00
4.999962745591338908e+00
1.573740635120633780e+00
3.012008680807787275e+00
1.193744844616540668e+01
8.033825804514588498e+00
1.066174851918275124e+01
5.072072305592682184e+00
8.754275875592835376e+00
5.209647170256386239e-01
1.847880262240215732e+00
1.572730037185563745e+01
1.077004919732708466e+01
7.480651950403340855e+00
1.027463444516692137e+00
5.945899828392092523e+00
1.706257134098435047e-01
1.546458636763939865e+01
4.015437757843526079e+00
8.532321900968264927e+00
3.222798923197375931e+00
3.348520747438930911e+00
2.911608506878171188e+00
1.875765060838735820e+01
2.441907827562751709e+00
1.378275432902096398e+01
3.676059526558643320e+00
1.449739974099898188e+00
1.015557444030759093e+00
6.146688981865271018e+00
1.215467334448687708e+01
1.755467017476218583e+00
5.959229771500977435e+00
2.302385757086415907e+00
8.148267342481274600e-01
9.467099376951825240e-01
2.305161155769468451e+01
2.092152073579419458e+00
9.913297569237109474e-01
5.625317740699705027e+00
2.139040247884734569e+00
3.342320296452593986e+00
4.672956501213540115e+00
7.915523831943795052e+00
3.531623009726851947e+00
4.098777828758307429e+00
1.856533026158296096e+01
1.351870448429889349e+00
6.876327304273516461e+00
9.003878356931142690e+00
1.206847140720641587e+00
1.083264506516157022e+00
7.935243129026098297e-01
6.778583369527866331e+00
2.111347038589950653e+00
1.472789941094410082e+01
1.183253202573280261e+00
3.504751198061837325e+00
3.186669558215611708e+00
4.405727405361060001e+00
3.806043358296269830e+00
5.711071480165365699e+00
7.615381239851925166e+00
1.556495465803347855e+01
7.572228459376859178e+00
1.512766287155085720e+01
7.343376265582972628e+00
1.527605447013516304e+00
4.625807556782767449e+00
1.248171223399866969e+00
2.240297033933814852e+00
9.338614785163573018e+00
1.432214022647277929e+00
2.375380245796913314e+00
1.328238999761291694e+01
4.675880033826579130e+00
2.832829997525985188e-01
4.130398422208721776e+00
9.288298211025708184e+00
1.344278725413527376e+01
1.179765154699923890e+01
1.918729196954580996e+00
2.430049654656680325e+00
2.098583504388680687e+00
2.556386456590033163e+00
2.222539873416449652e+00
2.049195070600265289e+00
1.189818949446168439e+01
8.979413431074955154e-01
1.062824439446373326e+01
8.978015570002810364e+00
1.010849353085520486e+00
7.206030797909528829e+00
1.445675587495438341e+00
2.296601933837290055e+00
2.981788486455674736e+00
6.070605172506603253e+00
7.811619227998431114e+00
1.486578527816787698e+01
1.693746824189686029e+00
8.079860053509030138e+00
8.630830804952961399e-01
1.275360346265288936e+00
1.753606391950520482e+00
1.967744415884234321e+00
1.113139449440508022e+00
1.678542508371706488e+00
6.238827545524422646e+00
1.926084947647104473e+00
8.810316261249495184e+00
1.202976039617827730e+01
2.287006149449983372e+00
4.656360739516375524e+00
1.049454367604427851e+01
4.285994106209295218e+00
2.244565321574862882e+00
2.375337975157558179e-01
2.973786078445401415e+01
2.552911244300300364e+00
5.326716034361277385e-01
2.045577829818001625e+00
4.790450015450180565e+00
4.306013673824754306e+00
9.828555006558314489e+00
6.828699906242664541e-01
2.081352057962438806e+01
3.880008907971856491e+00
5.396968874682767314e+00
5.951060081021045889e+00
4.804036528179582710e+00
4.689802444379706614e+00
3.125263081651608599e-01
1.417884918249048276e+00
5.711678383945701043e+00
3.933832653063991547e+00
2.127569412232944046e+00
2.496116169204261048e-01
6.736937858889876729e+00
1.259930699247480357e+00
1.180882757238642711e+01
1.471251175706234093e+00
7.866852215260839998e+00
7.127219071730355182e+00
5.093541874379016399e+00
6.419672530765121454e-01
3.140795463035603863e+00
6.984872622435254641e+00
3.573946115519860633e+00
5.947020180988537241e+00
6.225585334981803554e-01
3.678614684061480400e+00
2.990808162780262958e-01
1.558642545610557040e+00
3.998346165713488887e+00
5.325839708400257333e-01
6.715907540856128399e+00
5.268582308538690917e+00
1.980864669501680497e+00
1.046265866991147142e+01
1.705191480775866131e+00
6.759761897437948974e+00
4.797172860534473671e+00
1.627716251662400992e+01
4.337135928918977257e+00
5.371970378458055251e+00
3.443242264791741558e+00
8.172726651482747684e+00
1.353620346919172590e+01
9.364564611664018656e+00
5.695182855072076222e+00
8.320172513292721783e-01
1.286135117652051285e+01
1.366475883131757385e+00
1.323596414233314755e+00
3.546358565509495797e+00
3.620385662568202711e+00
1.849532207804752693e-01
2.603048303772580674e+00
1.548678916764808511e+00
4.951948147636203029e-02
1.466139482422487106e+01
2.123987006146122458e-01
6.920307627004357087e+00
1.968175264925412193e+01
1.051997838476075842e+01
3.074058705316371931e+00
4.404231756455168068e+00
1.394293657029240796e-01
9.374881880512857535e-01
2.913141361671586438e+00
1.194956250893792982e+00
1.000393960394855064e+01
1.669587443640035085e+00
2.848878505107619308e+00
4.814078211178057565e+00
4.662816045973923629e+00
4.885425795022139361e+00
1.210154811003991426e+01
8.741302374533195252e-01
1.181338313773518678e+01
1.551154567458542388e+01
9.261668148969540937e+00
3.156608380299293248e+00
1.014049375839390699e+01
4.822013235146959786e+00
2.541272495307954848e+00
2.162901881205628207e+00
8.433019582504142519e+00
6.098609482675936277e-01
3.702153524481942348e+00
4.324892526557346351e+00
8.278645020997094761e+00
7.187526898680022036e+00
6.689631670042058609e+00
4.384435563867862484e+00
1.440086920830663431e+01
2.959063408764430392e+01
1.843625713228996155e+00
6.031450777550949383e+00
2.847180307985945014e+00
5.761659803955128112e+00
1.069436088171504196e+01
3.006341664600316488e+00
9.288177686764857999e-01
2.818606231352239200e-01
2.611444724958300601e+00
5.419212129458671257e+00
9.714853184943700315e-01
3.608594393913269194e+00
5.860413402987816767e+00
7.498751524467827112e-01
4.109811781291167421e+00
2.464596825746825648e-01
1.319058619276966549e-02
2.693180179250074247e+00
1.840325770330994981e+00
4.932422088547624206e+00
5.417127694204245003e+00
2.760728785197389179e+00
2.060729675031570951e-01
1.436550032071160032e+01
1.844335293939644771e+01
2.326799686719505100e+00
3.169483402406831019e+00
8.129970876069979369e+00
5.156116065048550468e+00
2.620320105665689070e+00
2.075747835591467694e-01
3.983655054734631218e+00
1.261117944526992662e+00
2.367457488008754662e+00
1.027970907031986042e-01
5.230653310600232864e+00
5.773599618025331282e+00
1.922635371777981828e+00
1.361494825931292496e+01
7.474916279985609258e+00
7.450915879902081373e-01
5.003656837884198350e-01
4.713920681286911218e+00
1.515659437635762163e+00
5.932793153969250000e+00
4.614976229592011592e+00
8.489194228327590963e+00
1.278032749809987934e+01
1.341590539757756273e-01
1.465364098907669010e+01
5.279584332442186501e+00
1.247905678831102350e+01
1.457141089898507991e+00
7.202981355645939665e+00
7.279037780704229021e+00
3.903661602913705675e+00
4.454879606829725835e-01
3.520218453307851103e+00
1.874270789282441951e+00
1.596121325506441924e+00
2.562275781076644776e+00
2.342843219485931883e+00
3.335478396921481181e+00
5.353906619168281589e-01
3.053888755066139993e+00
2.155920549531974117e+01
1.467853210323404767e+01
8.439614472301831816e-01
1.308099289029152956e+01
3.044674922943999995e+00
8.343817620817636893e+00
1.050783079574861212e+01
6.821150426845441483e-01
5.637485243881096286e-01
1.984285215709440608e+00
1.724120833859936752e+00
9.454093852032385836e-01
1.524378087639808532e+00
4.504679856198098298e-01
6.274569038602951804e-04
1.955668529368017883e-01
1.148961933937469659e+01
7.660119245492291729e-01
7.045434774623486884e-01
9.635120021761423459e+00
3.891187072762717136e+00
1.230998824075698606e-01
1.203240298346505810e+01
4.381505480094640248e+00
3.676344853313303629e-01
1.707082701594053287e+00
1.683794144897586165e+00
2.589398054979973399e-02
6.093530420684744042e-01
1.606331006111294757e+00
4.976209769832800056e-01
9.720525913474727275e+00
7.233334678677002749e+00
1.879577160695392379e+01
3.506560834390819448e+00
3.894824216695636387e+00
2.227981084495321618e+00
4.716935070921244311e+00
2.495437595361993832e+00
1.817874741832146368e+00
3.116423736137341471e+00
4.520417863997085561e+00
2.753628023847248252e-01
1.051678999244994195e+01
2.188587877876730370e-01
2.555680080867385406e+00
1.252248264511267450e+01
8.964076112430443999e+00
1.370040782567667259e+00
3.166481978138022235e+00
8.888777963352965938e-02
3.370919278102022520e+00
6.538806585971604690e+00
8.210232202772651533e+00
3.761812901342517890e+00
2.942131625341759982e+00
6.381977591503035896e+00
4.743702288987810434e+00
2.378384374119637545e+00
8.859986713023907612e+00
3.955841834686631309e+00
1.624342254502664229e+00
2.023501167269200263e+00
2.714501222069616304e+01
2.256067717133876993e+00
1.735078081393517380e+00
2.472736090672515430e-01
1.497436459966702493e+00
9.915332418527064817e+00
4.092272665671733978e-01
1.131300803443333391e+00
5.022020577527477769e+00
1.348653385406387351e+00
3.333387341643172963e+00
2.553047535520278633e+00
1.075551267014230383e+01
3.771213878698175925e+00
1.589274994149105780e+00
3.176395163573451530e+00
3.648023135087989033e+00
3.197494363269838935e+00
6.092387346466518139e+00
4.610136951558517104e+00
6.316021218602872800e+00
5.807796002027700411e+00
9.390013448642757776e-01
1.536852719924432842e+00
1.593230173089415125e+01
3.806920271355520136e+00
6.437860723685963293e+00
7.024132301044282434e-01
1.527673136744394000e+01
1.584517110201059253e+01
8.560344900452685479e-01
1.094663024172412413e+01
1.384667404365749643e+00
9.584645758605388366e+00
3.423291810370256982e+00
1.614979948298195822e+01
7.443318860620642852e+00
2.565034641592720632e+01
1.365470197790779494e+00
9.888633804464554977e-01
5.383450380287710502e+00
2.156027887779916608e+00
4.149836561094652154e+00
1.427844750408475072e+01
3.001069858756178377e+00
2.854317715858183391e+00
4.541849065738325031e+00
2.242541843527993350e+00
5.193739255617329853e+00
1.217943520194196161e+01
7.451378227669308574e-01
5.485051469754618214e-01
3.734944543996436828e+00
2.135605416197285500e+00
7.404309909144015656e+00
2.199029555880083642e+00
1.039550927069253916e+01
6.680053472419691829e+00
1.666588110137159573e+00
1.113603793282898380e+00
2.568092510935264361e+00
2.407220813312272778e+00
3.395765881623242777e+00
1.940798914852490120e-01
1.056336948764855954e+01
1.785562445374047513e+00